0,1,178,0.0018268449466320742,346,0,0.0
0,1,156,0.0015575908315212607,346,0,0.0
0,1,131,0.0015316629311673208,346,0,0.0
0,1,131,0.0015574119750467097,346,0,0.0
0,1,109,0.0015503061493955723,346,100.0,0.0
0,1,87,0.0015603306217328008,346,100.0,0.0
0,1,65,0.0015623177904930052,346,100.0,0.0
0,1,266,0.0015611060739057847,346,100.0,0.0
0,1,245,0.0015611060739057847,346,100.0,0.0
0,1,224,0.0015442518254621914,346,100.0,0.0
0,1,200,0.001579134327091424,346,100.0,0.0
0,1,181,0.0015815091644389907,346,100.0,987.8937519009105
0,1,163,0.0015690864018129763,346,100.0,987.8935412684046
0,1,143,0.0015800111530517925,346,100.0,987.8931615466207
0,1,124,0.0015835213043274262,346,200.0,987.8930170651244
0,1,106,0.001580902730466516,346,200.0,987.8928298402438
0,1,87,0.0015845933108184099,346,200.0,987.8927641651494
0,1,69,0.0015833779038558055,346,200.0,987.8926813388006
0,1,51,0.0015821678097686432,346,200.0,987.8929002058394
0,1,33,0.001583008292300879,346,100.0,987.8931637756499
0,1,233,0.001583008292300879,346,100.0,987.893550097585
0,1,217,0.001578558902166559,346,100.0,987.893550097585
0,1,198,0.0015979286187752836,346,100.0,987.8942938027837
0,1,182,0.0015827372384015462,346,100.0,987.8944734668894
0,1,167,0.0015798993465845378,346,100.0,987.8944511142546
0,1,149,0.0015811059718452876,346,100.0,987.8947014757167
0,1,130,0.0015795365146190174,346,100.0,987.8950078475955
0,1,117,0.0015821367618088238,346,100.0,987.8954631854974
0,1,99,0.0015812127806318404,346,100.0,987.8952308250018
0,1,82,0.0015758814029753503,346,200.0,987.8950548783762
0,1,64,0.0015803174117813604,346,200.0,987.8948851994026
0,1,46,0.0015802898780505068,346,200.0,987.8947672370939
0,1,31,0.0015788439856740631,346,200.0,987.894740201025
0,1,238,0.0015788439856740631,346,200.0,987.8945619232871
0,1,220,0.001579230558454405,346,80.0,987.8945619232871
0,1,209,0.0016502605021185043,346,80.0,987.8944919477293
0,1,209,0.0015757924234922126,346,80.0,987.8944143414541
0,1,190,0.0016609108777632172,346,80.0,987.8943701791213
0,1,182,0.0015762494056056088,346,80.0,987.893792251672
0,1,163,0.0015772567283666831,346,100.0,987.893167912447
0,1,143,0.0015790054641717025,346,100.0,987.8924524339268
0,1,125,0.001579301020996707,346,100.0,987.8917928484772
0,1,106,0.0015762922077639952,346,100.0,987.891311501551
0,1,106,0.0015802864364016101,346,100.0,987.8911481170956
0,1,106,0.0015783854981135236,346,80.0,987.8910831606473
0,1,106,0.0015810870234064158,346,80.0,987.8910277000092
0,1,106,0.0015810870234064158,346,80.0,987.8910837210068
0,1,106,0.0015790295169868475,346,80.0,987.8910837210068
0,1,106,0.0016563158715285347,346,80.0,987.8911255539197
0,1,106,0.0015761347072827427,346,80.0,987.8912324810684
0,1,106,0.0015746485637805562,346,80.0,987.8912930635678
0,1,106,0.0016546764695334075,363,80.0,987.8913779524747
0,1,106,0.001559334743067375,346,80.0,987.8914772704068
0,1,106,0.0015778723766985815,346,80.0,987.8914705900868
0,1,106,0.0015806564994913508,346,80.0,987.8915698469496
0,1,106,0.00157958293405548,346,80.0,987.8916879844926
0,1,106,0.0015774881832075673,346,80.0,987.8918746995029
0,1,106,0.0015806530562453708,346,80.0,987.8919797950923
0,1,106,0.0015806530562453708,346,80.0,987.8919464945546
0,1,106,0.0015763658329142304,346,80.0,987.8919464945546
0,1,106,0.0016579242593356327,346,80.0,987.8919373251894
0,1,106,0.0015794024293489558,346,80.0,987.891864930195
0,1,106,0.0015800576003902158,346,80.0,987.8918033905367
0,1,106,0.0015777437196473631,346,80.0,987.8917566484602
0,1,106,0.0015809526747760762,346,80.0,987.8917112062022
0,1,106,0.0015806358402404887,346,80.0,987.8916845485288
0,1,106,0.001579184159725955,346,80.0,987.8916916075883
0,1,106,0.0015801401801793953,346,80.0,987.8916935854065
0,1,106,0.0015766021647424873,346,80.0,987.891713323594
0,1,106,0.0015802107239183908,346,80.0,987.8917699073927
0,1,106,0.0015802107239183908,346,80.0,987.8918914621295
0,1,106,0.0015795072889660921,346,80.0,987.8920244145261
0,1,106,0.0015853480430980521,346,80.0,987.8920244145261
0,1,106,0.0016593972502492705,346,80.0,987.8915512618545
0,1,106,0.0015809096191491886,346,80.0,987.891007383586
0,1,106,0.001578400948413691,346,80.0,987.89047832899
0,1,106,0.0015795038507250855,346,80.0,987.890021057055
0,1,106,0.0015806100169363227,346,80.0,987.8896205749057
0,1,106,0.0015802915988805766,346,80.0,987.8895603792431
0,1,106,0.001580983676279621,346,80.0,987.8895552333419
0,1,106,0.0015756059414088752,346,80.0,987.8893271874422
0,1,106,0.0015796070044670457,346,80.0,987.8891552285909
0,1,106,0.0015787340617643348,346,80.0,987.8891824455782
0,1,106,0.0015787340617643348,346,80.0,987.8890788981822
0,1,106,0.0016537544609689656,363,80.0,987.8890561258478
0,1,106,0.0015796087238102287,346,80.0,987.888774374893
0,1,106,0.0016575474273809632,346,80.0,987.888774374893
0,1,106,0.0016575625730994152,346,80.0,987.8885307096517
0,1,106,0.0016568604814982686,346,80.0,987.8883686143879
0,1,106,0.0016583410569426208,346,80.0,987.8883686143879
0,1,106,0.001658223574592851,346,80.0,987.8879981668783
0,1,106,0.001656898314934505,346,80.0,987.8879981668783
0,1,106,0.0016594465847784973,346,80.0,987.8877325948713
0,1,106,0.0015789315922495515,346,80.0,987.888029351098
0,1,106,0.0015813471734750474,346,80.0,987.8881748451485
0,1,106,0.0015783031016207952,346,80.0,987.888206433211
0,1,106,0.0015800765241628606,346,80.0,987.8883151847858
0,1,106,0.0015801023300378904,346,80.0,987.8886243629258
0,1,106,0.0015777763107826318,346,80.0,987.8889300570836
0,1,106,0.0015796826591080286,346,80.0,987.8893664255792
0,1,106,0.0015810939136952753,346,80.0,987.8896388050808
0,1,106,0.0015771675935093122,346,80.0,987.8900056590907
0,1,106,0.0015771675935093122,346,80.0,987.889537296207
0,1,106,0.0015789023889774985,346,80.0,987.889537296207
0,1,106,0.001578090283826531,346,80.0,987.8891334102792
0,1,106,0.0015801952381678294,346,80.0,987.8871276330212
0,1,106,0.001579722208736411,346,80.0,987.8867302064671
0,1,106,0.0015741754337247722,346,80.0,987.88613739985
0,1,106,0.0015803638771278727,346,80.0,987.8850198036133
0,1,106,0.0015783872147986052,346,80.0,987.8840703923124
0,1,106,0.0015780388042725367,346,80.0,987.8828181947325
0,1,106,0.0015791188624305233,346,80.0,987.8816364787608
0,1,106,0.0015756795024635783,346,80.0,987.8796760749243
0,1,106,0.0016549282684002917,363,80.0,987.8788272933474
0,1,106,0.0016549282684002917,346,80.0,987.8774388736388
0,1,106,0.0015760200256510779,346,80.0,987.8761058258319
0,1,106,0.0015757890014050646,346,80.0,987.8761058258319
0,1,106,0.0016606390951804445,346,80.0,987.8744423011865
0,1,106,0.0015796568669390082,346,80.0,987.8731765962059
0,1,106,0.001576117589561689,346,80.0,987.8721932530918
0,1,106,0.001578485072021284,346,80.0,987.8705364799266
0,1,106,0.001577354445458893,346,80.0,987.8694426204578
0,1,106,0.0015794815025233972,346,80.0,987.8682381799836
0,1,106,0.0015785245617050158,346,80.0,987.867528984416
0,1,106,0.0015761843507765092,346,80.0,987.8666599484192
0,1,106,0.0015788113504157462,346,80.0,987.8655652860094
0,1,106,0.0015782052669584055,346,80.0,987.8647600158682
0,1,106,0.0015782052669584055,346,80.0,987.8643392817659
0,1,106,0.0016545128413548787,363,80.0,987.8643392817659
0,1,106,0.0016736918295893633,363,80.0,987.8639714291432
0,1,106,0.0016536341185530005,363,80.0,987.8634711957516
0,1,106,0.0015801556648508454,346,80.0,987.8626214737639
0,1,106,0.0015641650273012012,346,80.0,987.8624937709423
0,1,106,0.0015773801624955842,346,80.0,987.8624986131854
0,1,106,0.0015792821157950066,346,80.0,987.862427090404
0,1,106,0.001577119601989617,346,80.0,987.8622712025879
0,1,106,0.001578649911616093,346,80.0,987.8617913196846
0,1,106,0.001578965950423294,346,80.0,987.8614659234293
0,1,106,0.0015774453160751184,346,80.0,987.8609203561057
0,1,106,0.0015774453160751184,346,80.0,987.8600715076968
0,1,106,0.001577531052669911,346,80.0,987.8600715076968
0,1,106,0.0015919844929436092,346,80.0,987.8592258824729
0,1,106,0.0015760422760060207,346,80.0,987.8607219116896
0,1,106,0.001575113430415619,346,80.0,987.8657671953947
0,1,106,0.0015776682506085185,346,80.0,987.8697034695413
0,1,106,0.00158005415975298,346,80.0,987.8744316044622
0,1,106,0.0015789539248923957,346,80.0,987.8779980995238
0,1,106,0.001578128037634204,346,80.0,987.8788104104954
0,1,106,0.0015804964044212062,346,80.0,987.8792464613829
0,1,106,0.0015789676683712328,346,80.0,987.8796370180645
0,1,106,0.0015782395935288256,346,80.0,987.8798304873021
0,1,106,0.0015782395935288256,346,80.0,987.8799447257888
0,1,106,0.0015790518523999212,346,80.0,987.8797998761422
0,1,106,0.0015923408365985246,346,80.0,987.8795492966827
0,1,106,0.0017375329405279933,363,80.0,987.878863209033
0,1,106,0.001593396829300696,346,80.0,987.878863209033
0,1,106,0.0016593555079387223,346,80.0,987.8782707221299
0,1,106,0.0015775224785910416,346,80.0,987.87835179219
0,1,106,0.0015792666482393578,346,80.0,987.8787648572945
0,1,106,0.0015782292954009112,346,80.0,987.8791730895261
0,1,106,0.001578407815310857,346,80.0,987.8794364975264
0,1,106,0.001579129172170802,346,80.0,987.8797822796523
0,1,106,0.0015756076520530694,346,80.0,987.8792128142652
0,1,106,0.001578670518986199,346,80.0,987.8787765380353
0,1,106,0.0015776785414159467,346,80.0,987.8781569861773
0,1,106,0.0015758831142177374,346,80.0,987.8776663678602
0,1,106,0.0015758831142177374,346,80.0,987.8775620587368
0,1,106,0.0015769705041162102,346,80.0,987.8775620587368
0,1,106,0.001591898924349026,346,80.0,987.8778549911509
0,1,106,0.0015787306268887926,346,80.0,987.8783918400092
0,1,106,0.0015784301331392965,346,80.0,987.878629071884
0,1,106,0.0015758488900761089,346,80.0,987.8789823190222
0,1,106,0.0015763863806953036,346,80.0,987.8789468339218
0,1,106,0.001579008900243288,346,80.0,987.8789288643513
0,1,106,0.0015747374141274284,346,80.0,987.8787645810196
0,1,106,0.001577258442597294,346,80.0,987.8784692170684
0,1,106,0.001575826645181186,346,80.0,987.8782764127287
0,1,106,0.001578837114981244,346,80.0,987.8780768446811
0,1,106,0.0015787718463818,346,80.0,987.8779960752499
0,1,106,0.0015787718463818,346,80.0,987.8777931935333
0,1,106,0.0015914293340410109,346,80.0,987.8775035135734
0,1,106,0.001594123199342679,346,80.0,987.8775035135734
0,1,106,0.001656580567760111,346,80.0,987.8773599612588
0,1,106,0.001576648411867213,346,80.0,987.8772331885272
0,1,106,0.0015795554259119375,346,80.0,987.877018916636
0,1,106,0.0015792786785342344,346,80.0,987.8768577269145
0,1,106,0.0015764942653349874,346,80.0,987.8766666506376
0,1,106,0.0015748348192969816,346,80.0,987.8766923444891
0,1,106,0.0015756196266664352,346,80.0,987.8767246801239
0,1,106,0.0016557651506088954,363,80.0,987.8768970325107
0,1,106,0.0015767203572321033,346,80.0,987.8770804409131
0,1,106,0.0015760782202142735,346,80.0,987.8771159877616
0,1,106,0.0015760782202142735,346,80.0,987.8772867284166
0,1,106,0.001574385488866589,346,80.0,987.8774480198811
0,1,106,0.001591349060089983,346,80.0,987.8777623887895
0,1,106,0.0016569134487927906,346,80.0,987.8780679289199
0,1,106,0.0016589400966857302,346,80.0,987.878107313041
0,1,106,0.0016572370011373862,346,80.0,987.878107313041
0,1,106,0.0016561930056011795,346,80.0,987.8781933477401
0,1,106,0.0015760251602926101,346,80.0,987.8782614376576
0,1,106,0.0015787426490185819,346,80.0,987.8783945320515
0,1,106,0.0016567597102010703,363,80.0,987.8784519959197
0,1,106,0.0015741532360499008,346,80.0,987.8785342453136
0,1,106,0.0015773150142979339,346,80.0,987.8787072813768
0,1,106,0.0015778140495688062,346,80.0,987.8787490216993
0,1,106,0.0015776270887212585,346,80.0,987.8788057488705
0,1,106,0.0016554734955898471,363,80.0,987.8787528052111
0,1,106,0.0015751168495691634,346,80.0,987.8786709144326
0,1,106,0.0015751168495691634,346,80.0,987.8786886257278
0,1,106,0.0015766621152400364,346,80.0,987.8787528618094
0,1,207,0.0015920927765947761,346,80.0,987.8787528618094
0,1,208,0.0016532120151647712,346,80.0,987.87880918029
0,1,221,0.001563967803085412,346,100.0,987.878765327516
0,1,217,0.0015764685771766443,346,100.0,987.8787596283048
0,1,215,0.0015926641293420956,346,100.0,987.8787032302898
0,1,217,0.0016704526002003404,363,100.0,987.8787842773248
0,1,222,0.0015797462833928595,346,100.0,987.8787662809523
0,1,450,0.0015766621152400364,346,80.0,987.8789450017983
0,1,679,0.0015773630177112828,346,80.0,987.8791012541182
0,1,907,0.0015729384418120944,346,80.0,987.8794005726202
0,1,907,0.001578028508764776,346,80.0,987.8797929654978
0,1,1135,0.001578028508764776,346,80.0,987.8799785662774
0,1,1352,0.0015769619361295447,346,100.0,987.8800910785612
0,1,1578,0.0015914066471034612,346,100.0,987.8800910785612
0,1,1807,0.0016590235416102219,346,100.0,987.8802312497982
0,1,2032,0.0015760371412529635,346,100.0,987.8803618874084
0,1,2240,0.0015758950930185082,346,100.0,987.8804462542115
0,1,2457,0.0015787769989697685,346,80.0,987.8803261964156
0,1,2664,0.0015775224785910416,346,80.0,987.8802579255945
0,1,2886,0.0015776373789917109,346,80.0,987.8801591396966
0,1,3117,0.0015743513297425131,346,80.0,987.8802813449047
0,1,3117,0.0015751442033319187,346,80.0,987.8801946738731
0,1,3344,0.001578206983251463,346,100.0,987.8801029682475
0,1,3569,0.0016570662464138475,363,100.0,987.8800014255327
0,1,3794,0.0016570662464138475,363,100.0,987.8799872032223
0,1,4019,0.0015741259166940549,346,100.0,987.8799686861229
0,1,4238,0.0016701007874810369,363,100.0,987.8801313123896
0,1,4463,0.0016582103115023459,346,80.0,987.8801313123896
0,1,4690,0.0016566789050522438,346,80.0,987.8803202525937
0,1,4915,0.0015773235861217445,346,80.0,987.8806029691891
0,1,5124,0.0015778912481638574,346,80.0,987.8809111401129
0,1,5124,0.0015770733272187471,346,80.0,987.8810029754563
0,1,5124,0.0016533557815727234,363,80.0,987.8809876035198
0,1,5124,0.0015789745402003707,346,80.0,987.8809503488341
0,1,5124,0.0016536718359331723,363,80.0,987.8807428990491
0,1,5124,0.0015790741884448738,346,80.0,987.8807477443831
0,1,5124,0.0015763110414501074,346,80.0,987.88069116658
0,1,5124,0.001578740931560259,346,80.0,987.8807210828159
0,1,5124,0.001578740931560259,346,80.0,987.8808706382164
0,1,5124,0.0015750809491972804,346,80.0,987.8808706382164
0,1,5124,0.001566045366057901,346,80.0,987.8808429804121
0,1,5124,0.0016555921703199545,346,80.0,987.880599271311
0,1,5124,0.0015829323187877811,346,80.0,987.8805595338154
0,1,5124,0.0015747322878733297,346,80.0,987.8802727163965
0,1,5124,0.0016563706945157792,346,80.0,987.8801014878248
0,1,5124,0.0016559718928615035,346,80.0,987.8801879425873
0,1,5124,0.0015887358615532996,346,80.0,987.8803492488938
0,1,5124,0.0016551880799656924,346,80.0,987.8803492488938
0,1,5124,0.001659383968377205,346,80.0,987.8804630729356
0,1,5124,0.0015784146822677726,346,80.0,987.8806651070646
0,1,5124,0.0015785674875154051,346,80.0,987.8807703652246
0,1,5124,0.0015791583838326683,346,80.0,987.8807021841164
0,1,5124,0.001577781456874442,346,80.0,987.8806574010832
0,1,5124,0.0015758814029753503,346,80.0,987.8805114010217
0,1,5124,0.0015764634396454333,346,80.0,987.8803578225449
0,1,5124,0.0015778689455715747,346,80.0,987.8803196382389
0,1,5124,0.0015762305733923033,346,80.0,987.8805164278716
0,1,5124,0.001578797609657974,346,80.0,987.8806075513129
0,1,5124,0.001578797609657974,346,80.0,987.8807158203846
0,1,5124,0.0015755152825817434,346,80.0,987.8807158203846
0,1,5124,0.00159332860204476,346,80.0,987.8807958415537
0,1,5124,0.0015777145602991858,346,80.0,987.8808001720488
0,1,5124,0.0015771590233808687,346,80.0,987.8807686090953
0,1,5124,0.0015770270551633233,346,80.0,987.88069337504
0,1,5124,0.0015764754272703473,346,80.0,987.8806421322747
0,1,5124,0.0015776167985850436,346,80.0,987.8806617793422
0,1,5124,0.0015768796881943938,346,80.0,987.8808447942232
0,1,5124,0.0015772841565036121,346,80.0,987.8810439170568
0,1,5124,0.0015778603678193413,346,80.0,987.8813930743329
0,1,5124,0.0016547232263863243,363,80.0,987.881764697671
0,1,5124,0.0016547232263863243,363,80.0,987.8816874906224
0,1,5124,0.0015760011989183673,346,80.0,987.881753051906
0,1,5124,0.0015926851042160528,346,80.0,987.881753051906
0,1,5124,0.0016574735959669564,346,80.0,987.8817065231843
0,1,5124,0.0015765250922300776,346,80.0,987.8818555100247
0,1,5124,0.0015794729072296002,346,80.0,987.8818706852223
0,1,5124,0.0015729469661333294,346,80.0,987.8819826183513
0,1,5124,0.0015778706611332127,346,80.0,987.8820477991575
0,1,5124,0.001578768411341839,346,80.0,987.8821458339329
0,1,5124,0.0015738681369688898,346,80.0,987.8822287143375
0,1,5124,0.001655516697257283,363,80.0,987.8822253515622
0,1,5124,0.001569108456818489,346,80.0,987.8821659978187
0,1,5124,0.0015777368585272941,346,80.0,987.8821480547639
0,1,5124,0.0015777368585272941,346,80.0,987.8821426731824
0,1,5124,0.0015768505607746755,346,80.0,987.8821333910981
0,1,5124,0.0015920054499200832,346,80.0,987.8823379566255
0,1,5124,0.0016582671548126715,346,80.0,987.8823379566255
0,1,5124,0.00174020005531947,363,80.0,987.8825233068758
0,1,5124,0.0015754554192644187,346,80.0,987.882840044394
0,1,5124,0.001644498205941886,363,80.0,987.8830614304999
0,1,5124,0.001579230558454405,346,80.0,987.8832603717559
0,1,5124,0.001575263887215458,346,80.0,987.8832559293213
0,1,5124,0.0015792528995553544,346,80.0,987.8832814999362
0,1,5124,0.0015759532783556206,346,80.0,987.8833424488836
0,1,5124,0.0015759943529452649,346,80.0,987.8833706049876
0,1,5124,0.001578699713681499,346,80.0,987.8833714090791
0,1,5124,0.0015761586727168857,346,80.0,987.8834686022625
0,1,5124,0.0015761586727168857,346,80.0,987.8836147962434
0,1,5124,0.001577059616697022,346,80.0,987.8838473365508
0,1,5124,0.0015943228482787107,346,80.0,987.8838473365508
0,1,5124,0.0016548728754320406,346,80.0,987.8839056094919
0,1,5124,0.0015778191959067982,346,80.0,987.8839651592918
0,1,5124,0.001577258442597294,346,80.0,987.8840562120142
0,1,5124,0.0015755563343430067,346,80.0,987.8841998724231
0,1,5124,0.001578085135719987,346,80.0,987.8843875007562
0,1,5124,0.0016539826207870507,363,80.0,987.8841468167096
0,1,5124,0.0015763880930345728,346,80.0,987.8839156224783
0,1,5124,0.001655774153941855,363,80.0,987.8835451756563
0,1,5124,0.0015766792447910443,346,80.0,987.8833167014982
0,1,5124,0.0015777505808271064,346,80.0,987.8830028412923
0,1,5124,0.0015777505808271064,346,80.0,987.8827368640425
0,1,5124,0.0015748570361986285,346,80.0,987.8826565196781
0,1,5124,0.0015905868612626673,346,80.0,987.8826989030392
0,1,5124,0.001659604095407019,346,80.0,987.8829026895233
0,1,5124,0.0016545955192739628,346,80.0,987.8829026895233
0,1,5124,0.001739691023727853,363,80.0,987.8828602676579
0,1,5124,0.0015735541353758477,346,80.0,987.8828462717692
0,1,5124,0.0015781177409620538,346,80.0,987.8829183717316
0,1,5124,0.0015786808228730066,346,80.0,987.8831513197748
0,1,5124,0.0015760833552350068,346,80.0,987.8835140828637
0,1,5124,0.001578141766739417,346,80.0,987.883389445863
0,1,5124,0.0015691220294377463,346,80.0,987.8833881386449
0,1,5124,0.0015775259082114051,346,80.0,987.8835915368901
0,1,5124,0.0015774195969139198,346,80.0,987.8838657253838
0,1,5124,0.0016525948737542032,363,80.0,987.8839638534594
0,1,5124,0.0016525948737542032,363,80.0,987.8838122761175
0,1,5124,0.0015735353675104878,346,80.0,987.8839189580647
0,1,5124,0.0015920194215442672,346,80.0,987.8841834489632
0,1,5124,0.001593508804639881,346,80.0,987.8841834489632
0,1,5124,0.0017390372757146463,363,80.0,987.8845948839307
0,1,5124,0.0016530039540968654,363,80.0,987.8844726292778
0,1,5124,0.0016515694750886786,363,80.0,987.8843260798513
0,1,5124,0.0015770767548864272,346,80.0,987.8842988084577
0,1,5124,0.0015751766871591817,346,80.0,987.8844638771203
0,1,5124,0.0015776459543196321,346,80.0,987.884630694299
0,1,5124,0.0015778723766985815,346,80.0,987.8846406289217
0,1,5124,0.0015740507933546717,346,80.0,987.8846783793596
0,1,5124,0.0015759344532175587,346,80.0,987.8848341535829
0,1,5124,0.0015775824991004527,346,80.0,987.8850012516194
0,1,5124,0.0015775824991004527,346,80.0,987.8846274084788
0,1,5124,0.0015768814016055355,346,80.0,987.8842379958425
0,1,5124,0.001593809816361921,346,80.0,987.8842379958425
0,1,5124,0.0016541334655519272,346,80.0,987.8839771019899
0,1,5124,0.0015752690169311963,346,80.0,987.8837651834909
0,1,5124,0.0015746536894895716,346,80.0,987.8836560733
0,1,5124,0.0015750194095098349,346,80.0,987.883711341388
0,1,5124,0.0015770836102664862,346,80.0,987.8838660044737
0,1,5124,0.0015781366182969691,346,80.0,987.8839879570392
0,1,5124,0.001574877544664222,346,80.0,987.8841502172911
0,1,5124,0.001655158551579515,363,80.0,987.884246482712
0,1,5124,0.0015753955604960572,346,80.0,987.8842633601594
0,1,5124,0.0015756829240751518,346,80.0,987.8842810134549
0,1,5124,0.0015756829240751518,346,80.0,987.8843333918259
0,1,5124,0.0015735797286410256,346,80.0,987.8844065054059
0,1,5124,0.0015926483985491738,346,80.0,987.8844065054059
0,1,5124,0.0016573921997236213,346,80.0,987.8843522149198
0,1,5124,0.0016536341185530005,363,80.0,987.8844217290392
0,1,5124,0.0016523473708429017,363,80.0,987.8845797100543
0,1,5124,0.0016549138778291905,363,80.0,987.884887794761
0,1,5124,0.0016543995792644298,363,80.0,987.8850364400042
0,1,5124,0.001574915144905124,346,80.0,987.8851761762511
0,1,5124,0.0015748348192969816,346,80.0,987.8854894234446
0,1,5124,0.0016515802244148811,363,80.0,987.8859426722375
0,1,5124,0.0016544966601067766,363,80.0,987.8866589015664
0,1,5124,0.0015781554960835084,346,80.0,987.8865221744385
0,1,5124,0.0015781554960835084,346,80.0,987.8863556254097
0,1,5124,0.0015737810913657418,346,80.0,987.8861123763655
0,1,5124,0.0015946925059091004,346,80.0,987.8861123763655
0,1,5124,0.0016555883928612172,346,80.0,987.8859580157042
0,1,5124,0.0015746759012809175,346,80.0,987.8858179777369
0,1,5124,0.0015779204140435573,346,80.0,987.8858037804489
0,1,5124,0.0015749014718825186,346,80.0,987.8858423392578
0,1,5124,0.0016553187081286653,363,80.0,987.8860390288877
0,1,5124,0.0016549282684002917,363,80.0,987.8862867038386
0,1,5124,0.0016530577955354816,363,80.0,987.8863019271184
0,1,5124,0.0015772378720758868,346,80.0,987.8862675542945
0,1,5124,0.001577726566959078,346,80.0,987.8863066172877
0,1,5124,0.001576321314559498,346,80.0,987.8864188465238
0,1,5124,0.001576321314559498,346,80.0,987.8865268265525
0,1,5124,0.0015766347087325903,346,80.0,987.8865268265525
0,1,5124,0.0015750501787524446,346,80.0,987.8865631160625
0,1,5124,0.0015772121596786517,346,80.0,987.8866222033535
0,1,5124,0.0015774761801756363,346,80.0,987.8867908834864
0,1,5124,0.0015749698393697643,346,80.0,987.887049146622
0,1,5124,0.001578304818126649,346,80.0,987.8871841326495
0,1,5124,0.0015773321580387217,346,80.0,987.8871288422921
0,1,5124,0.0015782035506690809,346,80.0,987.8872554312755
0,1,5124,0.001578064543629693,346,80.0,987.8873478276038
0,1,5124,0.00157438036490348,346,80.0,987.8875618440311
0,1,5124,0.001577762588035251,346,80.0,987.8875395807736
0,1,5124,0.001577762588035251,346,80.0,987.887646989102
0,1,5124,0.0015739056890253956,346,80.0,987.887919372106
0,1,5124,0.0015774813243098116,346,80.0,987.8882037876568
0,1,5124,0.0015900710039203141,346,80.0,987.8880820318633
0,1,5124,0.0015915323059646168,346,80.0,987.8874691613805
0,1,5124,0.0016564784606200483,346,80.0,987.8868086284263
0,1,5124,0.0015773767335089078,346,80.0,987.8863153839652
0,1,5124,0.001656722404117064,346,80.0,987.8858532675738
0,1,5124,0.0015873630243295243,346,80.0,987.8858532675738
0,1,5124,0.0017408964791760045,363,80.0,987.8856954162128
0,1,5124,0.0016570515580219003,346,80.0,987.8856954162128
0,1,5124,0.0016533890649744227,346,80.0,987.8858045871755
0,1,5124,0.0016591240659612025,346,80.0,987.8860329174502
0,1,5124,0.0015743444980955718,346,80.0,987.8862162177408
0,1,5124,0.0016553870990188575,363,80.0,987.8861180656568
0,1,5124,0.001576483989971191,346,80.0,987.8861481433413
0,1,5124,0.001578649911616093,346,80.0,987.8863024417896
0,1,5124,0.0015781760905475548,346,80.0,987.8867586420595
0,1,5124,0.0015762545417418825,346,80.0,987.8868711033866
0,1,5124,0.001577057902898568,346,80.0,987.887086176954
0,1,5124,0.0016541389555841893,363,80.0,987.8873012897385
0,1,5124,0.0015767837431128467,346,80.0,987.8877390756901
0,1,5124,0.0015767837431128467,346,80.0,987.8882918947058
0,1,5124,0.001574476017714669,346,80.0,987.8882918947058
0,1,5124,0.0015926274246419899,346,80.0,987.8879961786108
0,1,5124,0.0015783666148240796,346,80.0,987.8878648747383
0,1,5124,0.0015773270148773553,346,80.0,987.8877879348398
0,1,5124,0.001575265597116992,346,80.0,987.8878377362096
0,1,5124,0.0015767974488382326,346,80.0,987.8877606182365
0,1,5124,0.0015766621152400364,346,80.0,987.8876967764847
0,1,5124,0.001577145311369085,346,80.0,987.8877538033546
0,1,5124,0.001576312753625707,346,80.0,987.8877567714899
0,1,5124,0.0015740217703484212,346,80.0,987.8878244091829
0,1,5124,0.001654771784376678,363,80.0,987.8877119375746
0,1,5124,0.001654771784376678,363,80.0,987.8876968202717
0,1,5124,0.0015745528900037648,346,80.0,987.8876968202717
0,1,5124,0.0015756487086281102,346,80.0,987.8878139035332
0,1,5124,0.001578586375611592,346,80.0,987.8880274066137
0,1,5124,0.0015739568992631443,346,80.0,987.8882718660586
0,1,5124,0.0015768385674440235,346,80.0,987.8883207608604
0,1,5124,0.0015772207303845812,346,80.0,987.8884361048274
0,1,5124,0.0015772327295293718,346,80.0,987.8887712308677
0,1,5124,0.0015778981106267865,346,80.0,987.8890362690349
0,1,5124,0.0016529034594615721,363,80.0,987.8886847216445
0,1,5124,0.0015778397815944863,346,80.0,987.8880699249012
0,1,5124,0.0015779461495387058,346,80.0,987.8876454236347
0,1,5124,0.0015779461495387058,346,80.0,987.8873485833158
0,1,5124,0.0015754810744147973,346,80.0,987.8873485833158
0,1,5124,0.0015783185503078921,346,80.0,987.8870469207241
0,1,5124,0.0015752365292957492,346,80.0,987.8870992768433
0,1,5124,0.0015784232660479413,346,80.0,987.8872891988527
0,1,5124,0.0015752570476464428,346,80.0,987.8875841225002
0,1,5124,0.0015756469978947644,346,80.0,987.8880203058599
0,1,5124,0.0015790518523999212,346,80.0,987.8879867820265
0,1,5124,0.0015764017918826498,346,80.0,987.8876076841665
0,1,5124,0.0015780559637506783,346,80.0,987.8872857866353
0,1,5124,0.0015748467821661304,346,80.0,987.8871347368165
0,1,5124,0.001574764754712968,346,80.0,987.8870755081738
0,1,5124,0.001574764754712968,346,80.0,987.8868644414687
0,1,5124,0.0015781915367483296,346,80.0,987.8868644414687
0,1,5124,0.0015944629826581465,346,80.0,987.8868398644267
0,1,5124,0.0015745836410212453,346,80.0,987.8868795616195
0,1,5124,0.0016538909899888766,363,80.0,987.8870558714867
0,1,5124,0.001576312753625707,346,80.0,987.8870814660787
0,1,5124,0.0016570770674114012,363,80.0,987.8869691817295
0,1,5124,0.0015791188624305233,346,80.0,987.8870557192097
0,1,5124,0.0015763966547867204,346,80.0,987.887122584595
0,1,5124,0.001650887179303682,363,80.0,987.8872932775809
0,1,5124,0.001578104012274862,346,80.0,987.8872691230538
0,1,5124,0.0015794161806366512,346,80.0,987.8873330980078
0,1,5124,0.0015794161806366512,346,80.0,987.8874262836422
0,1,5124,0.001577922129717117,346,80.0,987.8875505281078
0,1,5124,0.0015892230069132877,346,80.0,987.8875505281078
0,1,5124,0.001741045785386504,363,80.0,987.8876324863897
0,1,5124,0.0016545038517335247,363,80.0,987.8875306627514
0,1,5124,0.0015759395873015183,346,80.0,987.8874824954197
0,1,5124,0.0015769944949741918,346,80.0,987.8874598982932
0,1,5124,0.0015779650227686901,346,80.0,987.8874868142373
0,1,5124,0.0015756897673428793,346,80.0,987.8875069272716
0,1,5124,0.001578280787384448,346,80.0,987.8876913684512
0,1,5124,0.0015760782202142735,346,80.0,987.8879713415942
0,1,5124,0.001580326016269016,346,80.0,987.8885260776682
0,1,5124,0.0015799182665666536,346,80.0,987.8888773565349
0,1,5124,0.0015751578805695721,346,80.0,987.8887337572211
0,1,5124,0.0015751578805695721,346,80.0,987.888653430493
0,1,5124,0.0016523292158767062,346,80.0,987.8886383001336
0,1,5124,0.0015947205438116264,346,80.0,987.8886383001336
0,1,5124,0.0016570950766585176,346,80.0,987.8887563366328
0,1,5124,0.0015762048938266187,346,80.0,987.8887801307604
0,1,5124,0.0015777299974668983,346,80.0,987.8888671013754
0,1,5124,0.0015771864481197385,346,80.0,987.8890358249869
0,1,5124,0.0015767306356773766,346,80.0,987.8892343369456
0,1,5124,0.0015772927279920355,346,80.0,987.8895631243001
0,1,5124,0.0015750809491972804,346,80.0,987.8892499841619
0,1,5124,0.0015776099385688088,346,80.0,987.8889844658297
0,1,5124,0.001654054495184604,363,80.0,987.888942632934
0,1,5124,0.0015772310153546526,346,80.0,987.8888759396145
0,1,5124,0.0015772310153546526,346,80.0,987.8889661822113
0,1,5124,0.001574992060081179,346,80.0,987.8887835209894
0,1,5124,0.0015911239872028488,346,80.0,987.8887520017835
0,1,5124,0.0016552843639681771,346,80.0,987.8886997445559
0,1,5124,0.0016558509672818553,346,80.0,987.8886320799865
0,1,5124,0.001589005494397204,346,80.0,987.8886320799865
0,1,5124,0.001596445015499902,346,80.0,987.8886259751844
0,1,5124,0.0016788201111941456,346,80.0,987.8887291014458
0,1,5124,0.001655144661433236,346,80.0,987.8888496740259
0,1,5124,0.0015914851815662524,346,80.0,987.8888496740259
0,1,5124,0.0016577935796060763,346,80.0,987.8890105892712
0,1,5124,0.001654041085773162,346,80.0,987.8890918854867
0,1,5124,0.0015909669973075136,346,80.0,987.889187633703
0,1,5124,0.0015930837318158067,346,80.0,987.8893500310935
0,1,5124,0.0015897505044551992,346,80.0,987.8894279087292
0,1,5124,0.001657394092568715,346,80.0,987.8894829983925
0,1,5124,0.0015908885139764507,346,80.0,987.8895024330983
0,1,5124,0.0015908763061542172,346,80.0,987.8896216995164
0,1,5124,0.0015739893341373762,346,80.0,987.8897278540386
0,1,5124,0.0015919076554168417,346,80.0,987.8896775336517
0,1,5124,0.0016537432783843965,346,80.0,987.8896775336517
0,1,5124,0.001653095258382068,346,80.0,987.8896946375816
0,1,5124,0.0015731294087550174,346,80.0,987.8898067314938
0,1,5124,0.001570067600696736,346,80.0,987.8900847367362
0,1,5124,0.0015707762522283425,346,80.0,987.8902461215021
0,1,5124,0.0015715382984368316,346,80.0,987.8896201856767
0,1,5124,0.0016496618963828477,363,80.0,987.8890277108233
0,1,5124,0.0015743496218252194,346,80.0,987.8883799580116
0,1,5124,0.0015739022751280287,346,80.0,987.8879008009443
0,1,5124,0.0015745768073580039,346,80.0,987.8874758057474
0,1,5124,0.0015708170573966657,346,80.0,987.887462747529
0,1,5124,0.0015708170573966657,346,80.0,987.8873415234859
0,1,5124,0.0015701627301585926,346,80.0,987.8874521865473
0,1,5124,0.001571902572595591,346,80.0,987.8876384699262
0,1,5124,0.001591350805089764,346,80.0,987.8874655521568
0,1,5124,0.001590940835336769,346,80.0,987.8873474336694
0,1,5124,0.0016528467343494095,346,80.0,987.8871971007114
0,1,5124,0.0016579943424594307,346,80.0,987.8872066668764
0,1,5124,0.001654895520856259,346,80.0,987.8871642478833
0,1,5124,0.001590721108747146,346,80.0,987.8872854916575
0,1,5124,0.0016570742631123413,346,80.0,987.8872961597237
0,1,5124,0.0015912879875085528,346,80.0,987.8872961597237
0,1,5124,0.0016497633560277334,346,80.0,987.8878345797692
0,1,5124,0.0016571688743536807,346,80.0,987.8879294697754
0,1,5124,0.0015905014428425038,346,80.0,987.8878197324299
0,1,5124,0.0016650543435942976,363,80.0,987.8878631163838
0,1,5124,0.0016618904127158629,346,80.0,987.887934284003
0,1,5124,0.001587246702963778,346,80.0,987.887934284003
0,1,5124,0.0016534700684868297,346,80.0,987.8882252319953
0,1,5124,0.0015760405644179507,346,80.0,987.8876204521698
0,1,5124,0.0016515049820697554,363,80.0,987.8871423387344
0,1,5124,0.0015760542572266043,346,80.0,987.8866345772525
0,1,5124,0.0015720813670073207,346,80.0,987.886413243821
0,1,5124,0.0015749732578999402,346,80.0,987.8862182900154
0,1,5124,0.001573714533577396,346,80.0,987.8861438504132
0,1,5124,0.001572539606894676,346,80.0,987.8859928726197
0,1,5124,0.001577006490676919,346,80.0,987.8859126091344
0,1,5124,0.0015755922563890435,346,80.0,987.8858860171625
0,1,5124,0.0015755922563890435,346,80.0,987.8858189072806
0,1,5124,0.001576451452202827,346,80.0,987.8857276125292
0,1,5124,0.0015904317203211046,346,80.0,987.8857747807252
0,1,5124,0.0015863444895532048,346,80.0,987.8858673495367
0,1,5124,0.0015911170092162766,346,80.0,987.8858673495367
0,1,5124,0.00165942571211967,346,80.0,987.8859538612547
0,1,5124,0.001574452103422238,346,80.0,987.8860283979715
0,1,5124,0.0015750860777216413,346,80.0,987.8861222478605
0,1,5124,0.0015743308349795563,346,80.0,987.8863872334227
0,1,5124,0.001571756161751598,346,80.0,987.88658911669
0,1,5124,0.0016557219359735872,363,80.0,987.8866384033265
0,1,5124,0.0016521017347513438,363,80.0,987.8864341865249
0,1,5124,0.0015778775234170713,346,80.0,987.8861792582524
0,1,5124,0.0015688268779437886,346,80.0,987.8860075975904
0,1,5124,0.001572502119996229,346,80.0,987.8857606123358
0,1,5124,0.001572502119996229,346,80.0,987.8857162077072
0,1,5124,0.0015726946853265075,346,80.0,987.8855407291926
0,1,5124,0.0015881847037425337,346,80.0,987.8853764808742
0,1,5124,0.0015936995488708594,346,80.0,987.8852209701862
0,1,5124,0.001653238381882184,346,80.0,987.8850136961805
0,1,5124,0.0015926641293420956,346,80.0,987.8847095762699
0,1,5124,0.001655941659810789,346,80.0,987.8843190542101
0,1,5124,0.001655427866797316,346,80.0,987.8840177487857
0,1,5124,0.0015726861637394326,346,80.0,987.8838141092829
0,1,5124,0.0016681520139015193,363,80.0,987.883723093287
0,1,5124,0.001655650723134721,346,80.0,987.8835611061238
0,1,5124,0.001651932357735423,346,80.0,987.883597726334
0,1,5124,0.0016602097459856955,346,80.0,987.8835572254045
0,1,5124,0.0016529088583517942,346,80.0,987.883678573478
0,1,5124,0.0016598698437498213,346,80.0,987.8836689600065
0,1,5124,0.001651629670010755,346,80.0,987.8836864508191
0,1,5124,0.0016541447780707124,346,80.0,987.8838199964906
0,1,5124,0.0016546407955615654,346,80.0,987.8839286711458
0,1,5124,0.0015882125132694938,346,80.0,987.8839931188899
0,1,5124,0.0015922796878703029,346,80.0,987.8838269097213
0,1,5124,0.0017387691625991564,363,80.0,987.8838269097213
0,1,5124,0.0015949939650387694,346,80.0,987.8837789264517
0,1,5124,0.0015783202668473491,346,80.0,987.8838262395047
0,1,5124,0.001565974391567734,346,80.0,987.8839524593545
0,1,5124,0.0015799182665666536,346,80.0,987.8838498806779
0,1,5124,0.0015745938916273262,346,80.0,987.8837005856999
0,1,5124,0.0015754879159293475,346,80.0,987.8835501509463
0,1,5124,0.0015746673582100888,346,80.0,987.8835563694722
0,1,5124,0.001577755726751076,346,80.0,987.8835662118494
0,1,5124,0.0015301206759302897,346,80.0,987.883507024503
0,1,5124,0.0015771178880607884,346,80.0,987.8835745501649
0,1,5124,0.0015771178880607884,346,80.0,987.8838481873814
0,1,5124,0.0015769053897524944,346,80.0,987.8838481873814
0,1,5124,0.0016551333352341742,346,80.0,987.8842847416436
0,1,5124,0.001655327789830524,346,80.0,987.8842847416436
0,1,5124,0.0016558396314142242,346,80.0,987.8841916217248
0,1,5124,0.0015780096340161232,346,80.0,987.8840932266083
0,1,5124,0.0015768317141941336,346,80.0,987.884001814236
0,1,5124,0.0015768128680640969,346,80.0,987.8838552613574
0,1,5124,0.0015775550605865926,346,80.0,987.8838038570058
0,1,5124,0.0016481386463792057,363,80.0,987.8836742648768
0,1,5124,0.0016511611043511644,363,80.0,987.8836934744878
0,1,5124,0.001574952746941482,346,80.0,987.8836673121275
0,1,5124,0.0015749271089946584,346,80.0,987.8835933166787
0,1,5124,0.0015769516546684415,346,80.0,987.883616062556
0,1,5124,0.0015769516546684415,346,80.0,987.8835215219783
0,1,5124,0.0015734449467975531,346,80.0,987.8835008493163
0,1,5124,0.0015940374006904573,346,80.0,987.8834307985387
0,1,5124,0.0016556072803272817,346,80.0,987.8834307985387
0,1,5124,0.001657331630963339,346,80.0,987.8834197831436
0,1,5124,0.00157687454798331,346,80.0,987.883393070318
0,1,5124,0.0015787357792077107,346,80.0,987.8834256808055
0,1,5124,0.0015729657199652722,346,80.0,987.8835561904116
0,1,5124,0.0015767443404795327,346,80.0,987.8836153896814
0,1,5124,0.0015774847537512336,346,80.0,987.8837389681439
0,1,5124,0.0015762134535888762,346,80.0,987.8839081400947
0,1,5124,0.001578165793248344,346,80.0,987.8842932543533
0,1,5124,0.0015738971543097474,346,80.0,987.8846739667607
0,1,5124,0.0015763333000230275,346,80.0,987.8847916294525
0,1,5124,0.0015739688487981269,346,80.0,987.8847174796203
0,1,5124,0.0015739688487981269,346,80.0,987.8846915423244
0,1,5124,0.001744087242602249,363,80.0,987.8846915423244
0,1,5124,0.0015781984018235046,346,80.0,987.8847268523637
0,1,5124,0.0016560909462306202,346,80.0,987.8847268523637
0,1,5124,0.0016594674579624134,346,80.0,987.884637778193
0,1,5124,0.001575525545321504,346,80.0,987.8844811044615
0,1,5124,0.0015790948068933849,346,80.0,987.8843399617269
0,1,5124,0.0015792958649877191,346,80.0,987.8841956204861
0,1,5124,0.0015769944949741918,346,80.0,987.8840925790131
0,1,5124,0.0015745511816491226,346,80.0,987.8841064371649
0,1,5124,0.0015710653345212798,346,80.0,987.8841064371649
0,1,5124,0.0015773681611074399,346,80.0,987.8841980326441
0,1,5124,0.0015788044800069626,346,80.0,987.8843064875188
0,1,5124,0.0015796259174479192,346,80.0,987.8842278408029
0,1,5124,0.0015796259174479192,346,80.0,987.8840903893934
0,1,5124,0.001574407693092143,346,80.0,987.8840903893934
0,1,5124,0.0015944980201022252,346,80.0,987.8839381467825
0,1,5124,0.0015775722095459027,346,80.0,987.8839200807748
0,1,5124,0.0015767049398154535,346,80.0,987.8839665214572
0,1,5124,0.0015777420043617514,346,80.0,987.8839474365362
0,1,5124,0.0015770116317482396,346,80.0,987.8840160528778
0,1,5124,0.001577937570947048,346,80.0,987.884106827876
0,1,5124,0.0015776733959954516,346,80.0,987.8842067739871
0,1,5124,0.0015776305187964938,346,80.0,987.8843208053958
0,1,5124,0.0015776579599353381,346,80.0,987.8844028021533
0,1,5124,0.001578249891791134,346,80.0,987.8845177687598
0,1,5124,0.001578249891791134,346,80.0,987.8847313937146
0,1,5124,0.0015760491223954772,346,80.0,987.8849627136776
0,1,5124,0.0015933898313645102,346,80.0,987.8849627136776
0,1,5124,0.0015945610913821594,346,80.0,987.8848068161286
0,1,5124,0.0015784576021022473,346,80.0,987.8845572213252
0,1,5124,0.001579034671256859,346,80.0,987.8843152586345
0,1,5124,0.0015763589837729098,346,80.0,987.884039174654
0,1,5124,0.0015793577393176206,346,80.0,987.8838234852559
0,1,5124,0.0015775019011820158,346,80.0,987.883793366232
0,1,5124,0.0015792322769781902,346,80.0,987.8837218491883
0,1,5124,0.001579467750098225,346,80.0,987.8835859713275
0,1,5124,0.001574136161341373,346,80.0,987.8833466958336
0,1,5124,0.0015786258703642665,346,80.0,987.8833276324779
0,1,5124,0.0015786258703642665,346,80.0,987.8833794957432
0,1,5124,0.0015763315878027932,346,80.0,987.8834313155344
0,1,5124,0.0015929927991850785,346,80.0,987.8834313155344
0,1,5124,0.0015952604656633467,346,80.0,987.8834725806045
0,1,5124,0.0015791996256658307,346,80.0,987.8834879073548
0,1,5124,0.0015801780321342863,346,80.0,987.8834677865908
0,1,5124,0.0015792064995141253,346,80.0,987.8834522948262
0,1,5124,0.0015763863806953036,346,80.0,987.8834317818718
0,1,5124,0.0015781314698881128,346,80.0,987.8833391562272
0,1,5124,0.0015798167919652169,346,80.0,987.8834362257912
0,1,5124,0.0015757650472111953,346,80.0,987.8836049409471
0,1,5124,0.001578546882835062,346,80.0,987.8839507389248
0,1,5124,0.0015772635853114848,346,80.0,987.88419040221
0,1,5124,0.0015772635853114848,346,80.0,987.8843679308931
0,1,5124,0.0015771933044534817,346,80.0,987.8843380962917
0,1,5124,0.0015945838683483885,346,80.0,987.8843380962917
0,1,5124,0.0016593536106108682,346,80.0,987.8842514206711
0,1,5124,0.0015789298743801147,346,80.0,987.8841331117354
0,1,5124,0.0015775019011820158,346,80.0,987.8839068474969
0,1,5124,0.0015776390940498372,346,80.0,987.8837723857297
0,1,5124,0.0015738442411386282,346,80.0,987.883565695021
0,1,5124,0.0015790123363298276,346,80.0,987.8833818377814
0,1,5124,0.001572043901952883,346,80.0,987.8830558495383
0,1,5124,0.001578570921681092,346,80.0,987.8826961186896
0,1,5124,0.0015768111548018866,346,80.0,987.8828275275539
0,1,5124,0.0015775739244623399,346,80.0,987.883010872774
0,1,5124,0.0015775739244623399,346,80.0,987.8831738021463
0,1,5124,0.001577095607325001,346,80.0,987.8832899473268
0,1,5124,0.0015911833025599642,346,80.0,987.8832899473268
0,1,5124,0.0015941529683801195,346,80.0,987.8834126916289
0,1,5124,0.0015792116549396165,346,80.0,987.8833299836961
0,1,5124,0.0015772121596786517,346,80.0,987.8833783026045
0,1,5124,0.0015797755178907722,346,80.0,987.8831844351696
0,1,5124,0.001578406098580964,346,80.0,987.8829796650135
0,1,5124,0.0015786155671947831,346,80.0,987.8833358871035
0,1,5124,0.0015792477438605693,346,80.0,987.8836004706633
0,1,5124,0.0015768197211501686,346,80.0,987.884005014089
0,1,5124,0.0015792494624217572,346,80.0,987.884320162465
0,1,5124,0.0016574035672880663,363,80.0,987.8844701209516
0,1,5124,0.0016574035672880663,363,80.0,987.8841291865787
0,1,5124,0.0015768077282886353,346,100.0,987.883771105856
0,1,5124,0.001595413042283312,346,100.0,987.883771105856
0,1,225,0.0016575417478079015,346,100.0,987.8835780460812
0,1,219,0.0015754554192644187,346,100.0,987.8833239766084
0,1,217,0.001652935759976029,363,100.0,987.8833777010746
0,1,215,0.0015950132482793942,346,80.0,987.8834490672127
0,1,424,0.0015912024937694141,346,80.0,987.8837468278766
0,1,643,0.0016562459302272498,346,80.0,987.8839745614164
0,1,861,0.0016395238557766548,363,80.0,987.8841862378607
0,1,1070,0.0015957217922920447,346,80.0,987.8841268774269
0,1,1290,0.0016564179586246255,346,100.0,987.8839592617383
0,1,1512,0.0015774487453599786,346,100.0,987.8838693052858
0,1,1740,0.0015737162401170287,346,100.0,987.8836259646964
0,1,1740,0.0015774521746597491,346,100.0,987.8834504639133
0,1,1958,0.0015774521746597491,346,100.0,987.8833669298962
0,1,2176,0.001576692948699841,346,80.0,987.8833669298962
0,1,2398,0.0016528749719533988,346,80.0,987.8833497252689
0,1,2616,0.001577781456874442,346,80.0,987.8833640578163
0,1,2838,0.0015760782202142735,346,80.0,987.8833543958968
0,1,3062,0.0015754383162950153,346,80.0,987.8833947724419
0,1,3275,0.0015733750058273984,346,100.0,987.8833616509793
0,1,3498,0.0015740798174312383,346,100.0,987.88331857792
0,1,3724,0.0015737213597581342,346,100.0,987.8832328865443
0,1,3942,0.001573465418501725,346,100.0,987.883213010189
0,1,3942,0.0015739517780894094,346,100.0,987.8831890521302
0,1,4168,0.001575163009594929,346,100.0,987.8831513278164
0,1,4389,0.001575163009594929,346,100.0,987.8831713260071
0,1,4616,0.0015693884396189076,346,100.0,987.8832645335068
0,1,4837,0.0015776185135984242,346,100.0,987.8832645335068
0,1,5047,0.0015948554900081762,346,180.0,987.8833263698724
0,1,5256,0.0016525907574297903,346,180.0,987.8834224946562
0,1,5471,0.0015885723868498802,346,180.0,987.8835980480557
0,1,5688,0.0016573013482432638,346,180.0,987.8835980480557
0,1,5909,0.0015914328243965081,346,180.0,987.8838975890675
0,1,6136,0.0015751835260303828,346,100.0,987.8839032868534
0,1,6366,0.0015749339456988627,346,100.0,987.8839643831054
0,1,6591,0.0015759104946013772,346,100.0,987.8840706803361
0,1,6808,0.0015760097564683842,346,100.0,987.8842624212209
0,1,7034,0.001577853505684703,346,100.0,987.8843086238335
0,1,7034,0.00156895747726398,346,80.0,987.8842303918814
0,1,7255,0.0016499997854233068,363,80.0,987.8842493170954
0,1,7481,0.0015708374607758561,346,80.0,987.8843375260784
0,1,7697,0.0015747459579584272,346,80.0,987.884474655671
0,1,7924,0.0015747459579584272,346,80.0,987.8842538299878
0,1,8136,0.0015725856159856096,346,100.0,987.8841132218416
0,1,8360,0.0015761227248389644,346,100.0,987.8840406068409
0,1,8581,0.0016542069996899563,346,100.0,987.8840418187332
0,1,8799,0.001660462389200804,346,100.0,987.8840481302232
0,1,9011,0.0016531216213753258,346,100.0,987.8840481302232
0,1,9239,0.0015908902579663499,346,80.0,987.8839979928291
0,1,9461,0.0015759806611774876,346,80.0,987.8839223332766
0,1,9676,0.0015749236906648146,346,80.0,987.8839510164521
0,1,9895,0.0015766055903623883,346,80.0,987.884074692789
0,1,9895,0.00157804909991464,346,80.0,987.8840473327622
0,1,10113,0.0015763298755862782,346,100.0,987.8840385135558
0,1,10327,0.0015746895703870564,346,100.0,987.8840714413734
0,1,10327,0.0015778191959067982,346,100.0,987.8841531099309
0,1,10327,0.0015768762613832812,346,100.0,987.8842637224047
0,1,10327,0.0015790329531631163,346,100.0,987.8841509006916
0,1,10327,0.0015790329531631163,346,20.0,987.8841724223347
0,1,10327,0.0015763007684746185,346,20.0,987.884356724963
0,1,10327,0.0015932079065963322,346,20.0,987.884356724963
0,1,10327,0.0015909111861433895,346,20.0,987.8845941051773
0,1,10327,0.0016560607088326787,346,20.0,987.8845941051773
0,1,10327,0.0016556998351407008,346,20.0,987.8843862521928
0,1,10327,0.0015756812132675074,346,20.0,987.884243571537
0,1,10327,0.001575977238272715,346,20.0,987.8842223466734
0,1,270,0.0015739688487981269,346,20.0,987.8841835366651
0,1,262,0.001577585928981797,346,20.0,987.8839391019563
0,1,268,0.0015765319428149307,346,80.0,987.8837789781649
0,1,267,0.001578943617440274,346,80.0,987.8837363089849
0,1,256,0.0015764052166318701,346,80.0,987.8837901157863
0,1,256,0.0016511127580317202,363,80.0,987.8838662254336
0,1,258,0.0015748023495682727,346,80.0,987.8839015660121
0,1,271,0.0015748023495682727,346,80.0,987.8840393569673
0,1,500,0.0015756025201316306,346,80.0,987.8840393569673
0,1,736,0.0015958639276245396,346,80.0,987.8843191407395
0,1,967,0.001656794277142133,346,80.0,987.8846412128331
0,1,1184,0.0016571253518408771,346,180.0,987.8846412128331
0,1,1417,0.0015930155313695466,346,180.0,987.8847636850933
0,1,1645,0.0016577045776719269,346,180.0,987.8847636850933
0,1,1875,0.001658595027286494,346,180.0,987.8850625201572
0,1,1875,0.0016568756146654292,346,180.0,987.8852765280953
0,1,2115,0.0016546992811005262,346,80.0,987.8851528143034
0,1,2343,0.0016591487247379908,346,80.0,987.8851650086806
0,1,2569,0.0015925942170853654,346,80.0,987.8852302905349
0,1,2804,0.0017400290192959118,363,80.0,987.8852452590676
0,1,3035,0.0015907769065755246,346,80.0,987.8852452590676
0,1,3269,0.0015904108047566706,346,80.0,987.885216623525
0,1,3494,0.0016612531082047905,346,80.0,987.885216623525
0,1,3722,0.0015946960105929992,346,80.0,987.8853252245376
0,1,3956,0.0016585229979440305,346,80.0,987.8853252245376
0,1,4184,0.0015948134264062031,346,80.0,987.8853559996415
0,1,4413,0.0017386023783803536,363,180.0,987.8853981646523
0,1,4640,0.0016579034249548747,346,180.0,987.8853981646523
0,1,4640,0.0015940811743590081,346,180.0,987.8854449802119
0,1,4879,0.0016536434049874943,346,180.0,987.8855721472015
0,1,5099,0.0016558264064314874,346,80.0,987.885632986232
0,1,5329,0.001578517693791999,346,80.0,987.885632986232
0,1,5558,0.001575145912973636,346,80.0,987.885677644869
0,1,5792,0.0015786945615979828,346,80.0,987.8856980585595
0,1,6027,0.0015784232660479413,346,80.0,987.8856638980617
0,1,6253,0.0015757479375185944,346,80.0,987.8855837776997
0,1,6483,0.0015775687797242137,346,80.0,987.8854567555522
0,1,6483,0.00157800105473418,346,80.0,987.885370434301
0,1,6716,0.001571218421169447,346,80.0,987.8852423879335
0,1,6945,0.0015719979245538496,346,80.0,987.8851872290176
0,1,7171,0.0015727645658240538,346,180.0,987.8850901859624
0,1,7402,0.0015727645658240538,363,180.0,987.8848761479243
0,1,7634,0.0016521537246186834,363,180.0,987.8847543260575
0,1,7866,0.0015734347111452276,346,180.0,987.8845122821219
0,1,8090,0.0015922202907455152,346,180.0,987.8845122821219
0,1,8319,0.0016559322122088314,346,80.0,987.8844385132119
0,1,8319,0.0015759464327988343,346,80.0,987.8843601954726
0,1,8555,0.001571987707719288,346,80.0,987.8843407760568
0,1,8786,0.0015726469656282985,346,80.0,987.8842712719298
0,1,9019,0.0015764154909688156,346,80.0,987.8842537829448
0,1,9257,0.0015774727507714918,346,100.0,987.8842256650746
0,1,9481,0.0015932918667116071,346,100.0,987.8842134996918
0,1,9697,0.0015748262745017185,346,100.0,987.8842649376096
0,1,9924,0.0015758796917366797,346,100.0,987.8843370846029
0,1,9924,0.0015760405644179507,346,100.0,987.8843436334607
0,1,10147,0.0015760405644179507,346,80.0,987.8843692170742
0,1,10376,0.0015770184865621427,346,80.0,987.8843692170742
0,1,10606,0.0015794007104548305,346,80.0,987.8844691250789
0,1,10836,0.0015779169827076303,346,80.0,987.8846167676218
0,1,11065,0.0015775087602587098,346,80.0,987.8846896275402
0,1,11295,0.0015759994874195156,346,80.0,987.8846076219114
0,1,11525,0.0015741754337247722,346,80.0,987.8845558889942
0,1,11751,0.0015760645269892364,346,80.0,987.884507874615
0,1,11751,0.0015775104750372032,346,80.0,987.8844565020657
0,1,11981,0.0015773647321729414,346,80.0,987.8845203604475
0,1,12220,0.001655707531596427,363,180.0,987.8846345773635
0,1,12449,0.0015746502723465203,346,180.0,987.8847551940701
0,1,12673,0.0015746502723465203,346,180.0,987.8849000744342
0,1,12897,0.001573520012317274,346,180.0,987.8849455244754
0,1,13125,0.0015909216504383936,346,180.0,987.8847337179636
0,1,13360,0.0015886210779242815,346,80.0,987.8846356577595
0,1,13595,0.0015978037070678711,346,80.0,987.8846195250909
0,1,13822,0.0015913438251136025,346,80.0,987.8844655311664
0,1,13822,0.0016469605654390368,346,80.0,987.8844655311664
0,1,14057,0.0016672114220986085,346,80.0,987.8844055224117
0,1,14283,0.0015742539843705931,346,80.0,987.8844074426474
0,1,14497,0.0015726094736112075,346,80.0,987.8844244815864
0,1,14725,0.0015752228506922398,346,80.0,987.8842338151695
0,1,14959,0.0016509265616240652,363,80.0,987.8841893833527
0,1,15185,0.0015699079450110557,346,80.0,987.8844764466737
0,1,15420,0.0015766295701185166,346,180.0,987.884415305904
0,1,15420,0.0016532193408979859,363,180.0,987.8843082515639
0,1,15648,0.0015745443482676237,346,180.0,987.8843665640932
0,1,15878,0.0015732351425390455,346,180.0,987.8842343578532
0,1,16115,0.0015732351425390455,346,80.0,987.8844615043153
0,1,16324,0.001573859602660498,346,80.0,987.8844002989478
0,1,16554,0.00157473057912938,346,80.0,987.8847670085681
0,1,16784,0.001586320213370644,346,80.0,987.8847670085681
0,1,17016,0.0016597046901268312,346,80.0,987.8857570288532
0,1,17232,0.0016516303897873375,363,100.0,987.8851465809026
0,1,17441,0.0015733596537637578,346,100.0,987.8852133261792
0,1,17441,0.0015787632588099246,346,100.0,987.8851601559627
0,1,17683,0.0015786876922056037,346,100.0,987.8851822775264
0,1,17917,0.0015759258964852954,346,100.0,987.8852835623319
0,1,18152,0.0015741515285623792,346,80.0,987.8852756867121
0,1,18375,0.0015756469978947644,346,80.0,987.8853843121497
0,1,18609,0.0015757120083735162,346,80.0,987.8855307505572
0,1,18838,0.0015721971793755105,346,80.0,987.8856905792688
0,1,19070,0.0015713324050473923,346,80.0,987.8859395196583
0,1,19287,0.0015713324050473923,346,80.0,987.8862141528327
0,1,19287,0.0015706963482477218,346,80.0,987.8862141528327
0,1,19515,0.0016574168070470775,346,80.0,987.8866233950439
0,1,19735,0.0016554297551582848,346,80.0,987.8867392897585
0,1,19963,0.0015928564197013233,346,80.0,987.8867392897585
0,1,20189,0.001655131447549401,346,180.0,987.886871426679
0,1,20417,0.0015756777916633641,346,180.0,987.8868299678805
0,1,20643,0.0015753767486797042,346,180.0,987.887193441784
0,1,20876,0.0015756914781690989,346,180.0,987.887288688922
0,1,21103,0.0015761364190752985,346,180.0,987.8875847660678
0,1,21339,0.0015761210130761545,346,80.0,987.887798603672
0,1,21339,0.0015781503475514804,346,80.0,987.8880277440771
0,1,21553,0.0015743154642575091,346,80.0,987.8882871829934
0,1,21768,0.001575387009614748,346,80.0,987.8885765653375
0,1,21992,0.0015779650227686901,346,80.0,987.8887795773976
0,1,22229,0.0015779650227686901,346,100.0,987.8888821158141
0,1,22466,0.0015750570165251763,346,100.0,987.8890667418272
0,1,22691,0.0015766604023054068,346,100.0,987.8891794583371
