0,1,2815,0.0015138053560010138,346,0,871.5722083619993
0,1,3006,0.0015138053560010138,346,40.0,869.5415222790718
0,1,214,0.0014801377544828036,346,40.0,868.0186460211793
0,1,214,0.0015074495136100882,346,40.0,866.402181591009
0,1,221,0.0015466316081149635,346,40.0,864.5357344725774
0,1,221,0.0015660909959132666,346,80.0,864.5357344725774
0,1,212,0.0015297803451634528,346,80.0,862.609585393716
0,1,186,0.0016323167746645057,346,80.0,860.9419493291263
0,1,174,0.0015334529301126397,346,80.0,859.3801124793868
0,1,161,0.0015336522572620337,346,80.0,857.5627927197407
0,1,158,0.0015214182956515903,346,100.0,855.7271872702192
0,1,159,0.0015218171507189477,346,100.0,853.6688634117
0,1,156,0.001532597870120434,346,100.0,851.5914222895873
0,1,157,0.001532597870120434,346,100.0,850.0002044097967
0,1,153,0.0015343754555614177,346,100.0,850.0002044097967
0,1,153,0.0015333071138018109,346,80.0,847.8048803252806
0,1,153,0.0015214214856625263,346,80.0,846.145227123101
0,1,154,0.0015383832078757868,346,80.0,844.2632665983418
0,1,158,0.0015283529295299397,346,80.0,842.2922673633557
0,1,150,0.0015177205199803387,346,80.0,840.1040100057119
0,1,149,0.0015257546709001163,346,100.0,838.38566405248
0,1,138,0.0015372734537534905,346,100.0,836.2804598618785
0,1,133,0.0015372734537534905,346,100.0,834.6087753771119
0,1,133,0.001534398167894379,346,100.0,834.6087753771119
0,1,144,0.0015499667135534985,346,100.0,832.4007113161293
0,1,140,0.0015155839078971277,346,80.0,830.7277099425273
0,1,140,0.0015342213539188882,346,80.0,828.7841379515427
0,1,147,0.0015192251437592319,346,80.0,827.0262297240906
0,1,136,0.0015162632302067997,346,80.0,825.0066050379755
0,1,144,0.0015237681676195274,346,80.0,823.4093812841764
0,1,140,0.0015358531571032308,346,100.0,821.630043570212
0,1,140,0.0015358531571032308,346,100.0,819.8693565376143
0,1,133,0.0015205224322840487,346,100.0,819.8693565376143
0,1,136,0.0015466299598110233,346,100.0,817.9773366262804
0,1,116,0.001417808599688151,346,100.0,816.4128053578163
0,1,116,0.0015015087044781556,346,80.0,814.5299174124232
0,1,119,0.0015194366973437614,346,80.0,812.6716307317134
0,1,118,0.0014993322609273315,346,80.0,810.9455548304757
0,1,115,0.0015239265774507087,346,80.0,809.3371062766279
0,1,114,0.0015239265774507087,346,80.0,807.5896586284489
0,1,101,0.001528076132714197,346,100.0,806.1014324032805
0,1,96,0.001541350400570985,346,100.0,804.6535799421432
0,1,93,0.0016291119138761353,346,100.0,802.9505594014677
0,1,97,0.0015535473671477156,346,100.0,801.4973578379403
0,1,108,0.001627157447190205,346,100.0,801.4973578379403
0,1,121,0.0016342910245307645,346,80.0,799.9294535047343
0,1,129,0.0015312217388597734,346,80.0,798.0969847965135
0,1,129,0.00153486067231299,346,80.0,796.6228106382316
0,1,129,0.0015336052567616978,346,80.0,794.7697207855387
0,1,126,0.00151746660113975,346,80.0,793.3914702333732
0,1,126,0.0015204172933512416,346,100.0,791.4066801652015
0,1,130,0.0015397755147512876,346,100.0,789.5253720584269
0,1,118,0.0015397755147512876,346,100.0,788.0533783910998
0,1,111,0.0015282386582267018,346,100.0,786.1205156192799
0,1,109,0.0015181333193853106,346,100.0,786.1205156192799
0,1,114,0.0015890646519063575,346,80.0,784.6370844445308
0,1,115,0.0015345733999232306,346,80.0,783.0721300248032
0,1,110,0.001488472248120216,346,80.0,781.1534405529338
0,1,110,0.0014929942038587444,346,80.0,779.2136332323336
0,1,101,0.0014615094414108841,346,80.0,777.6477824627182
0,1,91,0.0015372115763092834,346,80.0,775.6696042573786
0,1,95,0.0015372115763092834,346,80.0,773.662706477789
0,1,90,0.0016048888270488383,363,80.0,773.662706477789
0,1,313,0.0015375079819130316,346,80.0,772.0264625546735
0,1,530,0.0015409232441982942,346,80.0,769.9319470157824
0,1,749,0.001616183734690368,363,180.0,768.2118702984793
0,1,970,0.0013954513852482155,363,180.0,766.0486029841463
0,1,1192,0.0016121569958714834,363,180.0,763.7301532099406
0,1,1192,0.0016121569958714834,363,180.0,761.8633487454089
0,1,1410,0.0014789491980817294,363,180.0,761.8633487454089
0,1,1643,0.0015740868443253437,363,80.0,759.4676115653754
0,1,1864,0.0016131887184083966,363,80.0,757.0017214900749
0,1,2091,0.0016025914083979268,363,80.0,754.9810325907958
0,1,2324,0.001583587570791881,363,80.0,752.3961194603937
0,1,2545,0.0015127481114482666,346,80.0,750.2818356867926
0,1,2770,0.0015407285656500456,346,100.0,747.690119951188
0,1,2994,0.0015203488015655758,346,100.0,745.4869260937436
0,1,3209,0.0015203488015655758,346,100.0,742.5629854640379
0,1,3209,0.0015158435303235726,346,100.0,742.5629854640379
0,1,3438,0.0015884266428520754,363,80.0,737.3457902639348
0,1,3664,0.0016477422161868796,346,80.0,737.3457902639348
0,1,3906,0.001428643754879116,346,80.0,734.9695785880754
0,1,4120,0.0015130477770259492,346,80.0,731.9707262169013
0,1,4381,0.0013851267787382733,346,80.0,728.9372625570912
0,1,4602,0.0014542729773415759,346,100.0,725.867517178186
0,1,4828,0.0015531267219753594,346,100.0,723.3881716560858
0,1,5042,0.0015531267219753594,346,100.0,720.3228383245336
0,1,5243,0.0016169504339784515,346,100.0,718.1801248570275
0,1,5456,0.0015289277640407888,346,100.0,714.5782414616408
0,1,5673,0.0016305322886725126,363,80.0,714.5782414616408
0,1,5898,0.0015025207343070395,346,80.0,709.2400576337905
0,1,6106,0.001501013291850816,346,80.0,709.2400576337905
0,1,6321,0.0013086279917400832,346,80.0,703.3947438944533
0,1,6542,0.0016751318369506978,363,100.0,700.5525636508631
0,1,6752,0.0015040670598111662,346,100.0,700.5525636508631
0,1,6965,0.001510982497860387,346,100.0,697.9802777912437
0,1,7193,0.0015226130504916759,363,100.0,695.0127577572185
0,1,7411,0.001456916987920843,346,100.0,692.2929893801166
0,1,7638,0.0013693605916666196,346,80.0,689.1130569161973
0,1,7638,0.0013693605916666196,346,80.0,686.1789480698656
0,1,7879,0.001433229257751894,346,80.0,686.1789480698656
0,1,8134,0.0013555149199849432,346,80.0,680.921516906884
0,1,8342,0.0016682444287596245,346,80.0,680.921516906884
0,1,8559,0.0014613740426037553,346,100.0,678.0137995087783
0,1,8781,0.0016071165005399164,363,100.0,675.6959819979505
0,1,9020,0.001471409566200439,346,100.0,672.8150803498839
0,1,9220,0.0016144770287634125,346,100.0,670.5323582790662
0,1,9425,0.001303537124281753,346,100.0,667.7055260615736
0,1,9646,0.001303537124281753,346,80.0,664.9105165795556
0,1,9868,0.0014630624329577625,346,80.0,664.9105165795556
0,1,10101,0.0013043701489317719,346,80.0,659.4195465405145
0,1,10332,0.0014577716632245517,346,80.0,659.4195465405145
0,1,10550,0.001319434800120376,346,100.0,656.7274749636387
0,1,10777,0.0014127817416818695,346,100.0,654.0717570816328
0,1,11028,0.0013034376074425222,346,100.0,651.4437058601759
0,1,11028,0.0013034376074425222,346,100.0,648.3173453056734
0,1,11278,0.0013735312672729062,346,100.0,648.3173453056734
0,1,11520,0.0013485655832763388,346,80.0,645.729809708667
0,1,11720,0.001492430718855442,346,80.0,643.6688589665812
0,1,11921,0.0013502217921712528,346,80.0,641.1045851892669
0,1,12122,0.0013502217921712528,346,80.0,638.0445938830098
0,1,12322,0.0013401210849665116,346,80.0,638.0445938830098
0,1,12554,0.0013817361462599995,346,100.0,633.4833246424447
0,1,12773,0.0014394944254437823,346,100.0,633.4833246424447
0,1,13034,0.0013254323953566958,346,100.0,630.9566393433812
0,1,13277,0.0013195427738028017,346,100.0,627.9234405460817
0,1,13516,0.001451041999582054,346,100.0,625.3972428193263
0,1,13516,0.001451041999582054,346,80.0,623.3772649980507
0,1,13776,0.0014362903282953996,346,80.0,623.3772649980507
0,1,14003,0.0014160239954257255,346,80.0,620.8543215346684
0,1,14231,0.0015023418587172793,346,80.0,618.334561374145
0,1,14494,0.0014201658953705597,346,80.0,615.8156567778287
0,1,14728,0.0013905684179056996,346,80.0,613.2985358006666
0,1,14728,0.0013905684179056996,346,80.0,610.7850922590308
0,1,14972,0.0014034949183325902,346,80.0,610.7850922590308
0,1,15173,0.0014131008956340034,346,80.0,608.2762949635428
0,1,15375,0.0013742232120874667,346,80.0,605.7715213172115
0,1,15576,0.0013445922609672122,346,180.0,603.2723257991086
0,1,15776,0.0013445922609672122,346,180.0,600.7772380817256
0,1,16227,0.0013018018577573255,346,180.0,598.3336928407244
0,1,16428,0.0014743604247031681,346,180.0,595.7857699548082
0,1,16629,0.0013182362803811837,346,80.0,593.2786551917408
0,1,16830,0.0013797577334093934,346,80.0,590.758421973189
0,1,17259,0.0013140585537497272,346,80.0,588.221351800587
0,1,17460,0.0013469759401818085,346,80.0,588.221351800587
0,1,17677,0.001429130123639422,363,100.0,583.0817376860855
0,1,17902,0.0014199657970464289,346,100.0,583.0817376860855
0,1,18142,0.0013289827094694524,346,100.0,579.9552050542375
0,1,18357,0.001416847951606321,346,100.0,577.8525037679365
0,1,18582,0.0014265912380581156,363,100.0,574.6714809749742
0,1,18806,0.0013071440072273378,346,100.0,571.9999344513852
0,1,18806,0.0013071440072273378,346,100.0,569.3082085311496
0,1,19064,0.0013036179197148483,346,100.0,569.3082085311496
0,1,19264,0.0014783805178348619,363,100.0,566.5945544763608
0,1,19465,0.0013838988961766118,363,180.0,563.8593207726368
0,1,19667,0.0013992384554941343,363,180.0,560.5537310689009
0,1,19881,0.0013992384554941343,363,180.0,557.7752584983001
0,1,20105,0.001309543161627692,346,180.0,554.9739503847993
0,1,20351,0.0014210972709911907,363,180.0,552.15070613648
0,1,20580,0.0014839626780351876,363,100.0,549.3077181343648
0,1,20817,0.001534744312494519,363,100.0,549.3077181343648
0,1,21017,0.0017268476901841222,380,100.0,546.9626711989758
0,1,21231,0.0013662865542312253,363,100.0,544.1445244340256
0,1,21457,0.0013217192058915142,346,100.0,540.6693426812732
0,1,21679,0.0013217192058915142,346,80.0,537.75224038003
0,1,21911,0.0013099462420138393,346,80.0,534.8147969722158
0,1,22128,0.0014144382311690616,346,80.0,534.8147969722158
0,1,22352,0.0013278141683120666,346,80.0,531.8573589365408
0,1,22614,0.0013065179494058576,346,100.0,528.8794690787664
0,1,22857,0.001327689045962258,346,100.0,525.8219850055492
0,1,23102,0.001327689045962258,346,100.0,522.8660501752909
0,1,23303,0.0013992026325151878,346,100.0,522.8660501752909
0,1,23503,0.001426376008429131,346,100.0,516.7779163030875
0,1,23704,0.001409826800354004,346,80.0,516.7779163030875
0,1,23918,0.0014406333258880932,346,80.0,510.66801606435763
0,1,24145,0.0014832730801155028,363,80.0,507.6756805522237
0,1,24363,0.0015276514767772593,346,80.0,505.34667502464214
0,1,24592,0.0014264447072121881,346,100.0,505.34667502464214
0,1,24829,0.0013022247243640879,346,100.0,502.5410759988552
0,1,25073,0.0013278445413712427,346,100.0,499.3494706681484
0,1,25345,0.0013548745692580735,346,100.0,496.85561401471864
0,1,25345,0.0013548745692580735,346,100.0,494.5379036901104
0,1,25608,0.0013325300703898161,346,80.0,494.5379036901104
0,1,25847,0.0013328678529245905,346,80.0,490.45609044991653
0,1,26352,0.0014167054879638099,346,80.0,488.6886748422608
0,1,26552,0.0013236564946975452,346,80.0,487.0913114438892
0,1,26754,0.0013288890044704422,346,80.0,487.0913114438892
0,1,26954,0.0013964049300416355,346,80.0,485.6603662993771
0,1,27155,0.001329195724530825,346,80.0,483.0622320306175
0,1,27637,0.001385441494627608,346,160.0,482.11241052955734
0,1,27637,0.001385441494627608,346,160.0,481.27718391992744
0,1,27902,0.0013850976945726297,346,160.0,481.27718391992744
0,1,28164,0.0013054214415117828,346,160.0,480.5239572467642
0,1,28411,0.0013081431753383193,346,160.0,479.82921311901083
0,1,28677,0.0014089535332352755,346,80.0,479.1873788944818
0,1,28921,0.0013709010946266322,363,80.0,478.4978525229466
0,1,29166,0.0014119858609661674,346,80.0,477.95015054127794
0,1,29411,0.0014119858609661674,346,80.0,477.54806371096777
0,1,29612,0.0014113514488137671,346,100.0,476.9808082118584
0,1,29813,0.0014110728722028512,346,100.0,476.9808082118584
0,1,30014,0.001308668114300555,346,100.0,476.04835142643213
0,1,30424,0.001453589813857705,346,100.0,475.6745941809581
0,1,30624,0.0013956059146651076,346,100.0,475.6745941809581
0,1,30825,0.0013108822027292032,346,100.0,475.12345591230917
0,1,30825,0.0012922742786312426,346,100.0,474.6851614842612
0,1,31028,0.001297915510189845,346,100.0,474.27675964715144
0,1,31255,0.001297915510189845,346,100.0,473.8431244249287
0,1,31488,0.001300889309203302,346,180.0,473.5445877081888
0,1,31713,0.0015601360404388762,346,180.0,473.3483696384712
0,1,31963,0.001367963954045178,346,180.0,473.3483696384712
0,1,32228,0.0013063521210691853,346,180.0,473.15622063542645
0,1,32472,0.0013269109016266036,346,180.0,473.0044076375734
0,1,32673,0.0014116081659968018,346,80.0,472.94306450837155
0,1,32874,0.0014116081659968018,346,80.0,472.93787147609345
0,1,33075,0.0013485129524145813,346,80.0,472.9363514394551
0,1,33276,0.0013204288250221324,346,80.0,472.9363514394551
0,1,33502,0.00140292507088438,346,100.0,472.93507537656757
0,1,33746,0.0013071875711588624,346,100.0,472.9324175689065
0,1,33992,0.0014125575947291013,346,100.0,472.93183652251474
0,1,34236,0.0014116562250433594,346,100.0,472.93051083279516
0,1,34481,0.0014145774814554883,346,100.0,472.9280600850669
0,1,34726,0.0014145774814554883,346,80.0,472.9265421308275
0,1,34926,0.0014136570080403048,346,80.0,472.9265421308275
0,1,35127,0.0014128285052279054,346,80.0,472.92457462616943
0,1,35328,0.0013061475398622596,346,80.0,472.9221566811309
0,1,35529,0.0013056821800279269,346,80.0,472.9196643958294
0,1,35759,0.0013056821800279269,346,100.0,472.91893731046054
0,1,35960,0.001374432753877116,346,100.0,472.91853651602594
0,1,36161,0.001374432753877116,346,100.0,472.9176678731219
0,1,36378,0.0013029297229354834,346,100.0,472.9164340971
0,1,36592,0.0013059406723227493,346,100.0,472.9164908371898
0,1,36821,0.0013032421303700858,346,100.0,472.9164908371898
0,1,37083,0.0013052535434600575,346,100.0,472.91623690957294
0,1,37326,0.001328025593627948,346,100.0,472.91558354029155
0,1,37595,0.0014646818143775307,363,100.0,472.9150529870707
0,1,37595,0.0014646818143775307,363,180.0,472.91584744846597
0,1,37821,0.00150901855872493,346,180.0,472.91584744846597
0,1,38022,0.0013213377219219106,346,180.0,472.9163954584296
0,1,38223,0.0013059947336497464,346,180.0,472.9166665570108
0,1,38423,0.0013245504988413153,346,180.0,472.9169406007213
0,1,38624,0.0013245504988413153,346,100.0,472.91812209550875
0,1,38877,0.0013082162876503513,346,100.0,472.9188693409048
0,1,39122,0.0014129963293212262,346,100.0,472.9193679553146
0,1,39332,0.0016492234009548301,346,100.0,472.9193679553146
0,1,39561,0.0013806989400456482,346,80.0,472.91958540521824
0,1,39827,0.0014127569857636834,346,80.0,472.92026982710325
0,1,40088,0.0013066061731218364,346,80.0,472.9208857838543
0,1,40332,0.0013291932896872356,346,80.0,472.9211434637676
0,1,40576,0.0013291932896872356,346,80.0,472.92280517033566
0,1,40777,0.0014114543990351883,346,80.0,472.93160928464744
0,1,40978,0.001331107390836163,346,80.0,472.940082951025
0,1,41181,0.0013102774026837033,346,80.0,472.9482906168168
0,1,41406,0.0014351015131947177,346,80.0,472.9552053952143
0,1,41634,0.0013105495528038262,346,160.0,472.95529476518533
0,1,42114,0.0014096528819012059,346,160.0,472.955354769007
0,1,42315,0.0013073312349671641,346,160.0,472.955354769007
0,1,42518,0.0013942795477959863,363,160.0,472.95522704622834
0,1,42729,0.0014371992449705969,346,100.0,472.95536217290123
0,1,42957,0.0013699203041856681,346,100.0,472.9555463364105
0,1,43167,0.0014349014405084543,346,100.0,472.9551797540381
0,1,43381,0.0014125933434629451,346,100.0,472.9551797540381
0,1,43638,0.00132352853345007,346,80.0,472.80647155333855
0,1,43879,0.0014141487886137586,346,80.0,472.80647155333855
0,1,44080,0.0013307643983666553,346,80.0,472.5333346534018
0,1,44286,0.0013099095880890164,346,80.0,472.1893308900508
0,1,44507,0.0013038767667165913,346,100.0,471.7452734272545
0,1,44732,0.0013038767667165913,346,100.0,471.081198688647
0,1,44957,0.0015351886513418878,346,100.0,470.5585412889786
0,1,45183,0.0015566401875825259,346,100.0,470.5585412889786
0,1,45402,0.0016337225249241243,346,100.0,469.9722130960378
0,1,45629,0.0016138350711503299,363,80.0,469.15191170378193
0,1,45842,0.0016054997632663132,363,80.0,468.43056971901683
0,1,46061,0.001538352223845252,346,80.0,467.45072351272427
0,1,46275,0.0015312201232379505,346,80.0,466.6054140358966
0,1,46498,0.0015376627445329411,346,80.0,465.47499233967005
0,1,46498,0.0015327225069732614,346,100.0,464.5148440144302
0,1,46713,0.0016154000876382345,363,100.0,463.24849046319196
0,1,46923,0.0016154000876382345,363,100.0,462.1858351922848
0,1,47153,0.0016078293044292774,363,100.0,462.1858351922848
0,1,47374,0.0016119095105404466,363,100.0,460.7970112296785
0,1,47588,0.0016051155468873545,363,100.0,459.639313580851
0,1,47820,0.0016119641214585186,363,100.0,458.13632632518454
0,1,48076,0.0013670140038518,363,100.0,456.88852940321584
0,1,48320,0.0013625584518443146,363,100.0,454.9446286770763
0,1,48320,0.0013625584518443146,363,100.0,453.2608033501944
0,1,48558,0.0015329996737725186,363,180.0,453.2608033501944
0,1,48959,0.0014990482619286261,363,180.0,451.8733096713757
0,1,48959,0.001394397026082226,363,180.0,449.7264582403436
0,1,49172,0.0014026376877283556,363,180.0,447.8778914745613
0,1,49399,0.0014982944427988432,363,180.0,445.9744408385556
0,1,49610,0.0014982944427988432,363,100.0,444.0190994954399
0,1,49843,0.0013773375585864882,363,100.0,444.0190994954399
0,1,50107,0.001377564365949323,363,100.0,442.02491464373827
0,1,50368,0.001390019055409684,363,100.0,439.996179074311
0,1,50614,0.001390019055409684,363,80.0,437.9329110356813
0,1,50815,0.0013751232635204032,363,80.0,437.9329110356813
0,1,51016,0.001391985035450294,363,80.0,435.4135152532636
0,1,51217,0.001484733993981226,363,80.0,433.27700944737774
0,1,51417,0.0013049753739409428,346,80.0,431.10818988756733
0,1,51668,0.001321790231955312,346,80.0,428.9091115951916
0,1,51911,0.001321790231955312,346,80.0,426.6801196216471
0,1,52112,0.0013735365961915279,363,80.0,426.6801196216471
0,1,52312,0.0014836618940380958,363,80.0,424.420643919197
0,1,52513,0.001371456786742776,363,80.0,421.6693922671718
0,1,52513,0.0013695692690478525,363,180.0,419.3449312504918
0,1,52715,0.0013695692690478525,363,180.0,417.03932449784617
0,1,52968,0.0013673405651913472,363,180.0,417.03932449784617
0,1,53229,0.0013936618357134163,363,180.0,414.60808260844095
0,1,53472,0.0013321838986341534,346,180.0,411.70574954365816
0,1,53737,0.0014149333146135337,346,80.0,409.74506648713276
0,1,53953,0.0014149333146135337,346,80.0,406.7650832174809
0,1,53953,0.0014966448726608948,346,80.0,406.7650832174809
0,1,54210,0.0013129101599217625,346,80.0,404.75376517249174
0,1,54455,0.001413738259106748,346,80.0,402.21210605363655
0,1,54714,0.0014331910415510385,346,80.0,399.6387845234352
0,1,54915,0.0014331910415510385,346,80.0,397.03518600318824
0,1,55116,0.0013743028005394195,363,80.0,393.874003359731
0,1,55317,0.0013317767960546723,346,80.0,393.874003359731
0,1,55517,0.0014150809413531343,346,180.0,389.1171184754084
0,1,55727,0.0014326873443889186,346,180.0,389.1171184754084
0,1,55972,0.0013065273593679241,346,180.0,385.99444260027707
0,1,56236,0.001414952628510254,346,180.0,383.94085143787066
0,1,56481,0.0013072923719690875,346,180.0,380.8943582223318
0,1,56722,0.0013072923719690875,346,80.0,378.36582212729587
0,1,56923,0.0014234114539553506,346,80.0,375.83660582480366
0,1,57123,0.0014276894405049543,346,80.0,373.31064412361644
0,1,57346,0.0013945043061561135,363,80.0,370.7898914599309
0,1,57561,0.001416326646451496,346,100.0,368.3255752944161
0,1,57783,0.0013297450096622651,346,100.0,368.3255752944161
0,1,57996,0.0014118622294560762,346,100.0,365.76804505997575
0,1,58240,0.0013092702480815136,346,100.0,363.27766336486786
0,1,58485,0.0013897800587043855,346,100.0,360.80927199437434
0,1,58744,0.0014573632258174658,346,80.0,358.3720317827232
0,1,58990,0.0014573632258174658,346,80.0,355.9700714423192
0,1,59190,0.0013453613537148267,346,80.0,353.6037174189857
0,1,59392,0.0013453613537148267,346,80.0,350.8565973781515
0,1,59592,0.0013720784604930906,363,100.0,348.51725308799564
0,1,60026,0.0014107656049196934,346,100.0,346.2243549534944
0,1,60227,0.001325007631970827,346,100.0,346.2243549534944
0,1,60227,0.0014848787955036192,363,100.0,343.90050427061584
0,1,60448,0.0013108360241423102,346,80.0,341.54044766092
0,1,60671,0.001306012363311078,346,80.0,339.13951098416334
0,1,60890,0.001306012363311078,346,80.0,336.19784695910215
0,1,61107,0.0013046762100062121,346,80.0,334.2003719458702
0,1,61331,0.0014145374958940053,346,80.0,334.2003719458702
0,1,61596,0.0013045472012397983,346,100.0,331.14962823692224
0,1,61841,0.001301641894231166,346,100.0,328.5596500114195
0,1,62103,0.0014153293549126408,346,100.0,325.92625729709437
0,1,62103,0.0014153293549126408,346,100.0,323.25013228558197
0,1,62367,0.001327009181526487,346,100.0,323.25013228558197
0,1,62611,0.001370587636076881,363,80.0,320.5328330280427
0,1,62876,0.0014845153971932772,363,80.0,317.7794453544275
0,1,63120,0.0013594148095832914,363,80.0,314.4381901164338
0,1,63365,0.0013594148095832914,363,80.0,311.62548751604595
0,1,63565,0.0013955522321462915,346,80.0,311.62548751604595
0,1,63767,0.0013296487606258899,346,80.0,305.92337438713633
0,1,64001,0.0014845313192888442,363,80.0,303.03780683631686
0,1,64223,0.0013276198136319807,346,80.0,300.1296766543522
0,1,64451,0.0014146726286042377,346,80.0,297.19774158743843
0,1,64674,0.0014130155903739276,346,160.0,294.2421227887255
0,1,65148,0.0013269654997736925,346,160.0,291.26423950747653
0,1,65148,0.0013269654997736925,346,160.0,288.267368621958
0,1,65391,0.001329087382624217,346,160.0,285.25666087659783
0,1,65653,0.0014154922511355802,346,80.0,285.25666087659783
0,1,65896,0.001330372797576922,346,80.0,282.2407351709234
0,1,66158,0.0014134807666459533,346,80.0,279.2253574439239
0,1,66421,0.0013297779080976276,346,80.0,276.2152437633539
0,1,66675,0.0013297779080976276,346,100.0,272.61784723276054
0,1,66876,0.0012356754816329797,346,100.0,269.6395651855867
0,1,67077,0.001307791878552266,346,100.0,266.67892181572614
0,1,67278,0.0014125094742907423,346,100.0,263.73587731487373
0,1,67479,0.0014106956654447752,346,80.0,260.8108811761827
0,1,67680,0.0014122221947585735,346,80.0,257.9026797454982
0,1,67939,0.0014350958366048877,346,80.0,257.9026797454982
0,1,68140,0.0014104653256241367,346,80.0,255.01010863605774
0,1,68341,0.0013136386697322445,346,80.0,252.13249820983856
0,1,68542,0.0013078154496110968,346,100.0,249.26522989179344
0,1,68743,0.0015194096533759384,346,100.0,246.40484944122593
0,1,69184,0.0015194096533759384,346,100.0,243.55068564147788
0,1,69385,0.001327848186231721,346,100.0,243.55068564147788
0,1,69586,0.001336269885730597,346,100.0,240.70247006059802
0,1,69801,0.001314485849996558,346,100.0,237.8587148731058
0,1,69801,0.0013070251042482867,346,100.0,234.45093685007714
0,1,70025,0.0013070251042482867,346,100.0,231.61399516114022
0,1,70249,0.0014015840573546388,363,100.0,231.61399516114022
0,1,70508,0.0013198740033159896,346,180.0,228.78061867170376
0,1,70754,0.001312498131500407,346,180.0,225.95111638133858
0,1,70999,0.0014123665071882092,346,180.0,223.12639982341733
0,1,71244,0.0014123665071882092,346,180.0,220.3064346265874
0,1,71445,0.0013822573088052364,346,180.0,220.3064346265874
0,1,71646,0.0013038287375612282,346,80.0,217.49117508211864
0,1,71847,0.00130792978130109,346,80.0,214.118027134961
0,1,72066,0.001304653924850856,346,80.0,211.31390488823027
0,1,72301,0.001304653924850856,346,80.0,208.51721594679987
0,1,72502,0.001349287792686918,346,80.0,208.51721594679987
0,1,72703,0.001354454746796161,346,100.0,205.73454414250924
0,1,72904,0.0015000792652736358,346,100.0,200.255559572953
0,1,73105,0.0014087321513496709,363,100.0,200.255559572953
0,1,73328,0.0013060899394757566,346,100.0,194.90280066094343
0,1,73555,0.0014129481789867128,346,100.0,194.90280066094343
0,1,73794,0.0014566201351200792,346,100.0,192.27457598320441
0,1,74057,0.0014009247771037583,346,100.0,189.6778283035199
0,1,74257,0.0014830449472534278,346,100.0,187.11287355755366
0,1,74458,0.001299829001403522,346,100.0,184.5795399855005
0,1,74676,0.001299829001403522,346,180.0,182.07790834333056
0,1,74905,0.0013018520733945613,346,180.0,179.60763174349435
0,1,75128,0.0014130403553561449,346,180.0,177.16838896185382
0,1,75352,0.001326457304143085,346,180.0,177.16838896185382
0,1,75596,0.0013076693227414729,346,100.0,174.28268867453426
0,1,75857,0.0013066614660569276,346,100.0,171.91208708328546
0,1,76104,0.0013717817665470757,363,100.0,169.57230480327115
0,1,76104,0.0013717817665470757,363,100.0,167.25875356053726
0,1,76363,0.0015072324355467647,363,100.0,167.25875356053726
0,1,76564,0.001372873985920789,363,80.0,164.94652066725433
0,1,76766,0.0013710887447037476,363,80.0,162.15338536601828
0,1,76966,0.001432742276641284,380,80.0,159.7980873115982
0,1,77167,0.001432742276641284,380,80.0,157.40468036970628
0,1,77650,0.0014133307207237916,346,100.0,154.96900733480138
0,1,77650,0.0014133307207237916,346,100.0,152.49546835746526
0,1,77913,0.0014819722533967834,363,100.0,152.49546835746526
0,1,78114,0.0015151361099829718,346,100.0,149.98857999987356
0,1,78315,0.0013025414701046177,346,100.0,147.4556286628366
0,1,78524,0.0013040337647377022,346,80.0,144.90765378935404
0,1,78747,0.0013040337647377022,346,80.0,141.84507184124735
0,1,78977,0.0013180578872988712,346,80.0,141.84507184124735
0,1,79202,0.0014594721366807592,380,80.0,136.78656440753102
0,1,79465,0.0012968044171958956,346,80.0,134.30462893672288
0,1,79708,0.0014734431209813843,363,80.0,134.30462893672288
0,1,79908,0.0013122750079574061,346,80.0,131.85306715872758
0,1,80109,0.001369255187770585,363,80.0,128.95259772024028
0,1,80336,0.0015515351994839536,363,80.0,126.570329770702
0,1,80561,0.0015515351994839536,363,180.0,124.22044145542378
0,1,80788,0.0012986216596645235,346,180.0,121.90500895847106
0,1,81016,0.0013284401339764252,346,180.0,119.62505196901506
0,1,81485,0.001327794730283395,346,180.0,117.38201385254676
0,1,81695,0.001415307270175671,346,80.0,115.1753352936099
0,1,81925,0.0013288086964165372,346,80.0,113.00654310551317
0,1,82148,0.0014153003688367112,346,80.0,110.8737868548402
0,1,82381,0.0014153003688367112,346,80.0,108.35945219134653
0,1,82605,0.0014304885307920461,346,100.0,106.70760851158396
0,1,82827,0.0013167137112578937,346,100.0,104.66985306444744
0,1,83060,0.0014121369955521304,346,100.0,102.26074768812376
0,1,83292,0.0013068297265366106,346,100.0,102.26074768812376
0,1,83534,0.0013023976881828992,346,80.0,100.2799931817784
0,1,83797,0.0014133320971470979,346,80.0,98.33532613447254
0,1,84043,0.0013082575643387987,346,80.0,96.43532708944726
0,1,84272,0.0015471641941890825,346,80.0,94.58474315574922
0,1,84510,0.0015471641941890825,346,80.0,93.1447702343089
0,1,84711,0.0014362846422969007,346,80.0,91.06161173161465
0,1,84912,0.0014050608357650289,363,80.0,89.39187197260162
0,1,85113,0.0013321985736435248,346,80.0,89.39187197260162
0,1,85316,0.0014396300844099093,346,80.0,86.21656090084396
0,1,85545,0.0013549719749028982,346,180.0,86.21656090084396
0,1,85799,0.0013308376203502548,346,180.0,84.70539267227798
0,1,86062,0.0013345323382169564,346,180.0,83.23199221098633
0,1,86262,0.0013270819908390021,346,180.0,81.79061612491667
0,1,86262,0.0013270819908390021,346,180.0,80.37336903203932
0,1,86788,0.0014152713839480323,346,80.0,78.95694043500265
0,1,86989,0.0014342391865955887,346,80.0,77.50693622907623
0,1,87190,0.0013236697751120062,346,80.0,76.0320052237317
0,1,87391,0.0014127212287468193,346,80.0,74.54813453860356
0,1,87592,0.001412318399767992,346,100.0,73.08106073202524
0,1,87812,0.0014125575947291013,346,100.0,73.08106073202524
0,1,88050,0.0012984717709753732,346,100.0,71.6533473912326
0,1,88295,0.0014167041049620744,346,100.0,70.27069014061637
0,1,88540,0.0014107121211679357,346,100.0,68.93985536590348
0,1,88786,0.0014107121211679357,346,80.0,67.67450346785401
0,1,88986,0.001407518691049459,346,80.0,66.47640392175076
0,1,89188,0.0013294404718172898,346,80.0,65.33354865945032
0,1,89400,0.0014487373557481133,346,80.0,64.25596143766623
0,1,89629,0.001434009596762081,346,80.0,64.25596143766623
0,1,89857,0.0014394544466265946,346,80.0,63.25935790547579
0,1,90074,0.0013107235514547093,346,80.0,61.59474561797081
0,1,90308,0.0013291665069964846,346,80.0,61.59474561797081
0,1,90543,0.0014990999424626603,346,180.0,60.95213233128798
0,1,90786,0.0013096920715226217,346,180.0,60.44722113011617
0,1,90987,0.0014165353990075083,346,180.0,60.09844048804784
0,1,91213,0.0014165353990075083,346,180.0,59.93323629545855
0,1,91439,0.0013067144104866404,346,180.0,59.93323629545855
0,1,91672,0.0013060981677913597,346,80.0,59.92325245271274
0,1,91895,0.0013710665203026098,363,80.0,60.10205975943217
0,1,91895,0.0013061616468538265,346,80.0,60.354586192792425
0,1,92355,0.0013061616468538265,346,80.0,60.71004812400968
0,1,92355,0.0013001970002535477,346,80.0,61.10100871802085
0,1,92589,0.001519619667118676,346,100.0,61.55013921648772
0,1,92852,0.0013790090985023342,346,100.0,61.55013921648772
0,1,93095,0.0014571544340830132,380,100.0,62.04160451123939
0,1,93353,0.001576059148860008,380,100.0,62.56370298410384
0,1,93616,0.0014662916105480854,380,80.0,63.12307361770298
0,1,93817,0.0014336882422733412,380,80.0,63.72251634278994
0,1,94018,0.0014336882422733412,380,80.0,64.49028380318838
0,1,94219,0.0013295781056458292,346,80.0,65.18204830326295
0,1,94419,0.0013295781056458292,346,80.0,65.92703940467885
0,1,94865,0.0015024725114764147,346,100.0,66.73344091229679
0,1,95066,0.001384728960405487,346,100.0,67.42229209639353
0,1,95286,0.00141441893131259,346,100.0,68.5416648357439
0,1,95516,0.00131172345896834,346,100.0,69.56044807218555
0,1,95742,0.001408368311185686,346,80.0,70.4298413719327
0,1,95971,0.0014127514845663509,346,80.0,71.57457050953924
0,1,96191,0.001411745486240817,346,80.0,73.00735937651424
0,1,96416,0.0013284012218262769,346,80.0,73.99726140479994
0,1,96651,0.0014748683743033338,346,80.0,75.52712178844907
0,1,97109,0.0013284206776163969,346,80.0,76.57892531833855
0,1,97314,0.0014141777275384917,346,80.0,76.57892531833855
0,1,97545,0.001305939497126217,346,180.0,79.60504424220716
0,1,97764,0.0013280292394824524,346,180.0,79.60504424220716
0,1,97987,0.0013063109645281416,346,180.0,82.53120177814881
0,1,98216,0.0013111664502815717,346,180.0,82.53120177814881
0,1,98444,0.0014083806122528201,346,180.0,84.06255246545659
0,1,98675,0.0013031426585658895,346,80.0,85.95680541166992
0,1,98920,0.0014117441129061286,346,80.0,87.58174544735361
0,1,99165,0.0014134931571826938,346,80.0,88.91478468499918
0,1,99409,0.0014134931571826938,346,80.0,90.62984264415005
0,1,99610,0.001411991356202489,346,80.0,92.39792034876544
0,1,99810,0.0014119982253080414,346,100.0,94.21985004359429
0,1,100012,0.0014153652440802504,346,100.0,94.21985004359429
0,1,100215,0.0013049260904438027,346,100.0,98.00905505479092
0,1,100442,0.0014131229115666927,346,100.0,99.96358673193885
0,1,100671,0.0014123445148180298,346,100.0,99.96358673193885
0,1,100915,0.0013270989808282314,346,100.0,102.32364776126089
0,1,101177,0.0014146119535815417,346,100.0,103.89944970041488
0,1,101420,0.0013292139861420871,346,100.0,106.25696999549582
0,1,101664,0.0013292139861420871,346,180.0,107.839561198594
0,1,101865,0.001412607093457771,346,180.0,110.26985086061866
0,1,102067,0.0013117210877159682,346,180.0,112.34970357072264
0,1,102267,0.0014124187418124768,346,180.0,114.48209344110266
0,1,102468,0.0014120380674382514,346,80.0,116.66656691561985
0,1,102700,0.0013242181266048248,346,80.0,116.66656691561985
0,1,102962,0.0013061698760729649,346,80.0,118.88566204445422
0,1,103226,0.0013261385161839193,346,80.0,121.12945561471223
0,1,103427,0.001305585859076572,346,80.0,123.85626527676739
0,1,103629,0.001305585859076572,346,80.0,126.1575084209913
0,1,103830,0.0013073453675393539,346,80.0,128.48465589186776
0,1,104030,0.0012914830611947046,346,80.0,128.48465589186776
0,1,104253,0.0014048834827863606,346,80.0,133.21131374693474
0,1,104494,0.0015171715272608661,346,180.0,133.21131374693474
0,1,104740,0.0013170088600461198,346,180.0,135.60830553169532
0,1,105002,0.0014146988307913069,346,180.0,138.0316007658379
0,1,105263,0.0013268927032426478,346,180.0,140.47959016331262
0,1,105263,0.0013268927032426478,346,180.0,142.9477962609767
0,1,105526,0.0013340109737477583,346,80.0,142.9477962609767
0,1,105928,0.0013074690405809977,346,80.0,147.94645519014162
0,1,106129,0.0014365547769534207,346,80.0,150.47610893590644
0,1,106330,0.0014365547769534207,346,80.0,153.53929735986017
0,1,106533,0.0013267568377525675,346,100.0,153.53929735986017
0,1,106757,0.0014732079737605334,346,100.0,156.11457535257315
0,1,106973,0.00155460913700146,346,100.0,158.18299161804802
0,1,107212,0.0015602316475959992,346,100.0,160.7747976377752
0,1,107436,0.0015509970705640313,346,100.0,162.85355606273916
0,1,107639,0.0015325185663129372,346,80.0,165.45774342079477
0,1,107849,0.001539295349537754,346,80.0,167.5466839336415
0,1,108057,0.0015328795458914542,346,80.0,170.16459691936177
0,1,108281,0.0015328795458914542,346,80.0,172.26284923835857
0,1,108510,0.0015289777000474108,346,80.0,172.26284923835857
0,1,108510,0.001464918850659412,346,100.0,174.8882037948148
0,1,108742,0.0015171382196774474,346,100.0,177.51331862538962
0,1,108976,0.0013077034946483634,346,100.0,179.61136267313032
0,1,109202,0.0014321882413314978,346,100.0,182.75578451262732
0,1,109429,0.0014321882413314978,346,100.0,184.85030193355462
0,1,109657,0.0013410858066960532,346,80.0,187.4674788640193
0,1,109871,0.0013811877709474822,346,80.0,190.08844798511754
0,1,110085,0.0013924203121177085,346,80.0,190.08844798511754
0,1,110327,0.0013230458835702924,346,80.0,192.71494144652317
0,1,110573,0.0013127438925438697,346,100.0,195.88131262261732
0,1,110818,0.0014091532763222925,346,100.0,198.5397405215648
0,1,110818,0.0014091532763222925,346,100.0,200.6819256124975
0,1,111081,0.001433816911427623,346,100.0,200.6819256124975
0,1,111341,0.0013140621233194252,346,100.0,203.92295008004223
0,1,111585,0.001390582737229744,363,80.0,206.65143649625483
0,1,111846,0.0014132206155449195,346,80.0,209.40613584912091
0,1,112093,0.0014132206155449195,346,80.0,212.19165603491405
0,1,112293,0.0013099651609711888,346,80.0,212.19165603491405
0,1,112494,0.0014105804861311584,346,80.0,215.00926418724026
0,1,112695,0.0014580953550268213,346,80.0,217.85812065467366
0,1,112896,0.0013145334768131537,346,80.0,220.7385004385742
0,1,113101,0.0013145334768131537,346,80.0,223.64885881431871
0,1,113101,0.0013885282660956418,363,80.0,226.59018339990442
0,1,113342,0.0014293740547035823,346,80.0,229.56181290075207
0,1,113833,0.0014731323323664244,363,180.0,232.56452971734944
0,1,113833,0.0014845067125578311,363,180.0,235.59839819102928
0,1,114108,0.0014103437386237005,363,180.0,235.59839819102928
0,1,114510,0.0013750301208736427,363,180.0,241.79351231341633
0,1,114712,0.0014362960143389182,346,80.0,241.79351231341633
0,1,114912,0.0013276939046425352,346,80.0,244.97161664952532
0,1,115130,0.001366283255175946,346,80.0,248.85921305012639
0,1,115369,0.0013397425109511962,346,80.0,252.1607268491668
0,1,115612,0.0014232662715626095,346,100.0,254.84125875783434
0,1,115858,0.0013982508572689372,346,100.0,258.2400568523836
0,1,115858,0.0013982508572689372,346,100.0,261.69108061817974
0,1,116100,0.0014335718791643327,346,100.0,261.69108061817974
0,1,116344,0.0014178584671179128,346,100.0,265.19382032133205
0,1,116589,0.0014134201938154369,346,80.0,268.73676079542275
0,1,116789,0.0014122579265177428,346,80.0,272.2984552282837
0,1,116991,0.0015376888128819113,346,80.0,275.871595077913
0,1,117191,0.0015376888128819113,346,80.0,279.45836440427706
0,1,117392,0.0013382451598862811,346,80.0,279.45836440427706
0,1,117812,0.001322344256364884,346,100.0,286.67069574361506
0,1,118012,0.00159975240036565,363,100.0,289.5688778628147
0,1,118213,0.0015045537933488838,380,100.0,293.2037914644982
0,1,118414,0.0014346801484872,346,100.0,296.85288052447396
0,1,118615,0.0013960771559540358,346,100.0,300.58920649390836
0,1,118840,0.0013697996869095816,363,100.0,300.58920649390836
0,1,119078,0.0013622037008207942,363,100.0,304.93109526386957
0,1,119310,0.0015483259133911838,363,100.0,308.62650997307827
0,1,119554,0.0015064062728491498,363,100.0,311.59341434637946
0,1,119799,0.0015064062728491498,363,180.0,315.31734313494985
0,1,120000,0.0014816982304665717,363,180.0,319.0558197743977
0,1,120201,0.0014325347865686135,363,180.0,319.0558197743977
0,1,120408,0.00140385986595152,363,180.0,322.8084225205766
0,1,120634,0.0013942118790738053,363,80.0,327.3299545523719
0,1,120862,0.0013582857255009715,363,80.0,331.1133317737323
0,1,121099,0.0014068264997052426,363,80.0,334.91074560571525
0,1,121311,0.0014068264997052426,363,80.0,338.72281680091976
0,1,121534,0.0014371783309262878,363,80.0,342.5499692575645
0,1,121769,0.0014736872705216411,380,100.0,347.16248426253117
0,1,121994,0.0014228768996988892,363,100.0,350.2492339343057
0,1,122212,0.0014915615676101429,363,100.0,354.8965443405682
0,1,122447,0.0013979922154836399,363,100.0,358.7824407465465
0,1,122673,0.0013959145287547698,363,80.0,358.7824407465465
0,1,122905,0.0015766515942740075,380,80.0,362.67908002558437
0,1,123132,0.0013746638821850055,363,80.0,366.58289684314303
0,1,123358,0.0017355147182199525,363,80.0,370.47449941215336
0,1,123603,0.00137696261795503,363,100.0,373.56082056278115
0,1,123866,0.0014814300745807569,363,100.0,377.38654586849583
0,1,124100,0.0014433501621068199,363,100.0,381.1769834331396
0,1,124345,0.0014433501621068199,363,100.0,384.9325446558667
0,1,124545,0.001485029419051279,363,100.0,384.9325446558667
0,1,124746,0.0015539305826378596,380,80.0,388.65363748024816
0,1,124947,0.0014835404581387394,363,80.0,396.0379165872548
0,1,125147,0.0014810208194515912,363,80.0,399.7129084708554
0,1,125357,0.00139262673731639,363,80.0,399.7129084708554
0,1,125842,0.0013756065659084502,363,100.0,407.067688254806
0,1,126042,0.0015266160499335724,363,100.0,410.7553606831451
0,1,126243,0.0014982988661390668,363,100.0,414.4501852522549
0,1,126444,0.0015156103243303383,380,100.0,418.15121966561816
0,1,126666,0.001570825821042119,363,80.0,418.15121966561816
0,1,126883,0.0014183013833384567,363,80.0,421.85634792846656
0,1,127115,0.0014715135071921414,363,80.0,425.5620843773324
0,1,127354,0.0013683322536694792,363,80.0,429.2660423838507
0,1,127618,0.0013392234621687306,363,100.0,432.9622016762684
0,1,127819,0.0013392234621687306,363,100.0,436.63530518359636
0,1,128020,0.0014174338819547044,363,100.0,441.0125083138043
0,1,128235,0.0013790129574648077,363,100.0,444.63406263543095
0,1,128451,0.0015016592878982148,363,100.0,444.63406263543095
0,1,128666,0.0013564523906464238,363,80.0,448.2265731948066
0,1,128880,0.0015815346657761093,363,80.0,451.7858425294461
0,1,129124,0.0013854566559199373,363,80.0,455.3107628608507
0,1,129325,0.0014860962442826773,363,80.0,458.8005957597078
0,1,129526,0.0014860962442826773,363,100.0,462.2586746278001
0,1,129755,0.0013698662391155305,363,100.0,465.6880064685576
0,1,129975,0.0013753083443536322,363,100.0,469.0834791534595
0,1,130199,0.001478301569053907,363,100.0,472.4449475304872
0,1,130433,0.0014817313962722475,363,100.0,475.7714358600134
0,1,130657,0.0014798476270454996,363,80.0,475.7714358600134
0,1,131133,0.0013688686345589504,363,80.0,482.3204016573625
0,1,131338,0.001599233174271222,363,80.0,482.3204016573625
0,1,131555,0.001377818678390018,363,80.0,488.73527125594194
0,1,131772,0.0014835578049072807,363,100.0,491.8982425263543
0,1,131992,0.0014848643140804082,363,100.0,495.0324551264326
0,1,132217,0.0015041872838857295,363,100.0,498.1436020623739
0,1,132445,0.0014848672103424533,363,100.0,501.24050376995876
0,1,132677,0.0013959926025425323,363,80.0,504.3261191466346
0,1,132902,0.0013929108537698823,363,80.0,504.3261191466346
0,1,133378,0.0014342283469091506,363,80.0,510.48179663705633
0,1,133579,0.001507050423004475,363,80.0,513.5606714826272
0,1,133790,0.0014554854162982223,363,100.0,516.6404499924596
0,1,134006,0.0014930359340861934,363,100.0,516.6404499924596
0,1,134218,0.001483497092992099,363,100.0,519.7200453599764
0,1,134433,0.0013950575713594581,363,100.0,522.8003715594045
0,1,134656,0.001393175963764469,363,80.0,525.8828631253725
0,1,134897,0.001393175963764469,363,80.0,528.9784296355207
0,1,135098,0.0013982438540567496,363,80.0,528.9784296355207
0,1,135310,0.0015368403355237258,363,80.0,532.0918819355031
0,1,135545,0.0014978360315124233,363,80.0,538.3846304830633
0,1,135765,0.0017297710297627907,363,100.0,538.3846304830633
0,1,135991,0.0013100455726369191,346,100.0,544.1214171366801
0,1,136218,0.0014141515446508006,346,100.0,547.3362982896359
0,1,136446,0.0014131779543998303,346,100.0,550.5670414580729
0,1,136662,0.0014123417658199143,346,80.0,553.8114723038713
0,1,136889,0.001325949497616683,346,80.0,557.0704097110408
0,1,137130,0.0013040349365068525,346,80.0,560.4107692902503
0,1,137354,0.0014158388754687823,346,80.0,563.5696597703187
0,1,137799,0.001413524822874642,346,100.0,566.9417619123217
0,1,137799,0.0016410103951937636,346,100.0,566.9417619123217
0,1,138073,0.0014059696160884953,346,100.0,569.5970664584718
0,1,138315,0.0013342967536933313,346,100.0,573.5974872629331
0,1,138576,0.001416973841384529,346,80.0,576.2625878400398
0,1,138814,0.0013414130622461562,346,80.0,580.223829245321
0,1,139059,0.0013414130622461562,346,80.0,582.8398394819709
0,1,139259,0.0014298106208989342,346,80.0,582.8398394819709
0,1,139460,0.00148198330147215,346,80.0,586.7509592630585
0,1,139661,0.001302090358516264,346,80.0,589.3588894027594
0,1,139862,0.0013245408274745426,346,80.0,593.270500492547
0,1,139862,0.0013245408274745426,346,80.0,596.5294570861735
0,1,140084,0.001371826262458801,363,80.0,596.5294570861735
0,1,140329,0.0014827443890638604,363,80.0,599.7842365881886
0,1,140574,0.001414146032587459,346,180.0,603.0123736562464
0,1,140774,0.0014141584347904042,346,180.0,606.2033052187833
0,1,140976,0.0014141584347904042,346,180.0,609.3598208216137
0,1,141177,0.0013696431914662023,363,180.0,609.3598208216137
0,1,141395,0.001309572704548941,346,180.0,615.5597949227724
0,1,141628,0.0014094735306543643,346,80.0,615.5597949227724
0,1,141876,0.0012995729226459819,346,80.0,618.5934386775034
0,1,142117,0.0013507810525865093,346,80.0,622.1715602268778
0,1,142377,0.0014847253067879517,363,80.0,624.5172757335893
0,1,142578,0.0014847253067879517,363,80.0,627.9744670011221
0,1,142779,0.001310183951111043,346,100.0,630.7986965348564
0,1,142983,0.0015364857026697383,346,100.0,630.7986965348564
0,1,143206,0.0013507508784078735,346,100.0,633.0205416005698
0,1,143421,0.0013289072576546613,346,100.0,636.2879886003767
0,1,143647,0.0013102975142588599,346,80.0,638.9522429765847
0,1,143647,0.0013102975142588599,346,80.0,641.5697286090189
0,1,144107,0.0013290849481775362,346,80.0,644.1513971862057
0,1,144308,0.0014211602749035898,346,80.0,646.6993297408713
0,1,144509,0.0014341215480532727,346,80.0,646.6993297408713
0,1,144710,0.0013322487156984066,346,100.0,651.6903479660654
0,1,144924,0.0014402715976848139,346,100.0,654.1315804615189
0,1,145142,0.001666617878802843,346,100.0,656.0576616863881
0,1,145362,0.0016245381644610318,346,100.0,657.9591585373785
0,1,145573,0.001390024993510729,346,100.0,660.30085345949
0,1,145832,0.0012953401752672834,346,100.0,660.30085345949
0,1,146033,0.0012906721498971005,346,100.0,663.056492847846
0,1,146234,0.0013122109333039166,346,100.0,665.3093613205675
0,1,146449,0.0013122109333039166,346,100.0,667.5220520414267
0,1,146669,0.0013687283475821894,363,180.0,670.1225199151302
0,1,146890,0.0013691431387377892,363,180.0,670.1225199151302
0,1,147137,0.0013102584747063445,346,180.0,672.2422886403368
0,1,147382,0.0014094748995749906,346,180.0,674.3186483776368
0,1,147628,0.0014127239792223166,346,100.0,676.3473940178482
0,1,147873,0.001411888327638676,346,100.0,678.3192243602185
0,1,148118,0.0014813133273530734,363,100.0,680.2272797232482
0,1,148363,0.0014812989153911713,363,100.0,681.7065223438221
0,1,148608,0.0014812989153911713,363,100.0,683.4963909761032
0,1,148808,0.0014543217531344862,363,80.0,683.4963909761032
0,1,149010,0.001403249157377155,363,80.0,686.8815074744839
0,1,149211,0.0014272639942721759,346,80.0,688.4794099396773
0,1,149411,0.0014040597951808977,346,80.0,688.4794099396773
0,1,149617,0.0014460551984997677,346,100.0,691.5114725235856
0,1,150125,0.0013130527083429467,346,100.0,692.9524097614842
0,1,150125,0.0014118622294560762,346,100.0,692.9524097614842
0,1,150369,0.00132732717426398,346,100.0,694.6164165208047
0,1,150610,0.0014367012608502818,346,80.0,695.6862211462756
0,1,150856,0.0013955965199261824,346,80.0,696.9764946747828
0,1,151057,0.0016284702584605925,346,80.0,698.210858130116
0,1,151259,0.0015002389913700777,346,80.0,699.3930680924947
0,1,151460,0.0015002389913700777,346,80.0,700.5151506967935
0,1,151661,0.0013151374459551184,346,80.0,701.6017869244045
0,1,152084,0.0013315922759658484,346,80.0,702.659961539823
0,1,152084,0.0013296511971384488,346,80.0,702.659961539823
0,1,152452,0.0013096731604524924,346,80.0,704.7278147278597
0,1,152679,0.0013290411296622423,346,160.0,704.7278147278597
0,1,152898,0.001311051552054349,346,160.0,706.9350813107876
0,1,153138,0.001409050661498698,346,160.0,707.7213752078686
0,1,153373,0.0014731690912763791,346,160.0,708.692171826679
0,1,153615,0.0014100473413485735,346,100.0,708.692171826679
0,1,153827,0.0015506225380675948,346,100.0,710.6185527416134
0,1,154051,0.0016327814151087749,346,100.0,710.6185527416134
0,1,154294,0.0014205426222736448,346,100.0,711.4239261590701
0,1,154494,0.0013226925658370839,346,80.0,712.4692535914452
0,1,154717,0.0013078071996438568,346,80.0,713.5690946231313
0,1,154933,0.0013078071996438568,346,80.0,714.9736396673301
0,1,155156,0.0013054742854983902,346,80.0,716.2089143558479
0,1,155373,0.0013281775211939446,346,80.0,717.4995424049292
0,1,155373,0.001307079255397718,346,80.0,717.4995424049292
0,1,155373,0.0013288719686175687,346,80.0,720.2321424833304
0,1,155373,0.001415307270175671,346,80.0,721.6361089080362
0,1,156447,0.001304994149585723,346,80.0,722.9987956063351
0,1,156447,0.0014132687844496815,346,100.0,722.9987956063351
0,1,156447,0.0013289510673427283,346,100.0,724.6618943968023
0,1,156447,0.0013086551332029395,346,100.0,725.9494936588517
0,1,157320,0.001324328093131829,346,100.0,727.3184315609983
0,1,157320,0.0013091556819299194,346,20.0,728.604995736262
0,1,157756,0.0013091556819299194,346,20.0,729.8475949783225
0,1,157756,0.0016144554759889064,346,20.0,731.0253771166686
0,1,157756,0.0013274097316421517,346,20.0,731.0253771166686
0,1,157756,0.0014142025332738247,346,20.0,732.1283940096093
0,1,158883,0.0013265555168590372,346,20.0,734.0885208629246
0,1,159091,0.0014150699027744055,346,20.0,734.0885208629246
0,1,159091,0.0013063438895535098,346,20.0,735.7947637207606
0,1,159091,0.001411667210427762,346,80.0,736.5319477426339
0,1,159091,0.0015052743812193205,363,80.0,737.1902281856853
0,1,159091,0.0013999988524391186,363,80.0,737.742489594143
0,1,159091,0.0013066120551265394,346,80.0,738.2387291837175
0,1,159091,0.0013310744265864663,346,80.0,738.5231408262513
0,1,160661,0.0015529023602314325,346,80.0,738.5231408262513
0,1,160661,0.0015356386327249948,346,80.0,738.6594712614933
0,1,160661,0.0015374135105758616,346,80.0,738.7315561100136
0,1,160661,0.0015322823219860986,346,80.0,738.6982575318887
0,1,160661,0.001535903546519627,346,20.0,738.5243029476999
0,1,160661,0.001612703439407597,363,20.0,738.2685137425317
0,1,160661,0.001536205952466645,346,20.0,737.7910240143482
0,1,160661,0.001533613360090713,346,20.0,737.28332877899
0,1,160661,0.0015393100440294068,346,20.0,736.5009829504812
0,1,160661,0.0015393100440294068,346,20.0,735.7589806869611
0,1,160661,0.0016070469511615879,363,20.0,734.7072231788819
0,1,160661,0.0017182321172232605,363,20.0,734.7072231788819
0,1,160661,0.0015300206578155262,346,20.0,733.7895664959937
0,1,160661,0.0015379365062880117,346,20.0,732.5611525768674
0,1,160661,0.0015366109726979624,346,20.0,731.5219116776118
0,1,160661,0.0015393606605370682,346,20.0,730.1530505110849
0,1,160661,0.0015326059628071726,346,20.0,729.0026429448288
0,1,164173,0.0015389264464790553,346,20.0,727.4916197814765
0,1,164173,0.0015358547825166683,346,20.0,726.2241135914361
0,1,164173,0.0015403033886629922,346,20.0,724.559423019685
0,1,164843,0.0015403033886629922,346,20.0,723.1656405013865
0,1,165063,0.0015338143500497274,346,20.0,723.1656405013865
0,1,165281,0.001636912334684992,346,20.0,721.7185835327174
0,1,165281,0.0015402412670649506,346,20.0,719.833420556871
0,1,165281,0.001310188682515851,346,80.0,718.2640767254476
0,1,165281,0.0013070686602545455,346,80.0,715.8082091547184
0,1,165281,0.0013070686602545455,346,80.0,713.6744121573361
0,1,166173,0.0013045401651317593,346,80.0,711.4636989771695
0,1,166173,0.0014127858677525844,346,80.0,709.1763669570139
0,1,166648,0.0014108382944676846,346,20.0,706.8129745334031
0,1,166890,0.0014091450665863973,346,20.0,704.3732863397609
0,1,167138,0.0014159217590171483,346,20.0,702.3649536869802
0,1,167138,0.00146626425769844,346,20.0,699.7836022498582
0,1,167736,0.0017228973631130248,346,60.0,697.6684294657038
0,1,167736,0.0017228973631130248,346,60.0,694.4309003556808
0,1,167736,0.0013097204391518394,346,60.0,694.4309003556808
0,1,168373,0.001415253441516647,346,60.0,691.6819258343645
0,1,168596,0.0014866226971743262,346,60.0,686.6274017643843
0,1,168832,0.0014303193454883064,346,60.0,683.7653447677243
0,1,169069,0.0013272980388175652,346,60.0,683.7653447677243
0,1,169286,0.0014340960386265288,346,60.0,680.865097497662
0,1,169546,0.0014487807445417245,346,140.0,677.9271552905178
0,1,169791,0.00131303132410647,346,140.0,674.951994162764
0,1,169791,0.0014133568732250612,346,140.0,671.9395585219553
0,1,170193,0.0014133568732250612,346,140.0,668.8899173747036
0,1,170402,0.0013191205773036196,346,140.0,668.8899173747036
0,1,170635,0.001332181452830691,346,60.0,662.6795582935641
0,1,170858,0.0014370284686725777,346,60.0,662.6795582935641
0,1,171088,0.0014157629074065582,346,60.0,659.5190604095026
0,1,171309,0.001304754800577562,346,60.0,656.3214817674678
0,1,171537,0.0015557740913934577,346,60.0,653.086665844498
0,1,171796,0.0014009531773253262,346,100.0,649.8156942487373
0,1,171996,0.0014009531773253262,346,100.0,646.508205228554
0,1,172205,0.001307784807400298,346,100.0,646.508205228554
0,1,172424,0.0013092395376615316,346,100.0,639.7949387517771
0,1,172654,0.0014134243236162366,346,80.0,636.397336212695
0,1,172876,0.0014134780132228444,346,80.0,632.9737913159743
0,1,173105,0.0013078543437158106,346,80.0,632.9737913159743
0,1,173327,0.0013021230711254272,346,80.0,628.8312342939258
0,1,173572,0.0014089890997777625,346,100.0,625.3516502202851
0,1,173817,0.0014126895990483617,346,100.0,621.8505192865465
0,1,174062,0.00139096426620251,346,100.0,619.0356993141874
0,1,174284,0.00139096426620251,346,100.0,615.5062210804633
0,1,174484,0.0016181223200945523,346,100.0,615.5062210804633
0,1,174686,0.0013141585090323943,346,80.0,611.9857032281581
0,1,174887,0.0012913520518666032,346,80.0,608.5002408815367
0,1,175099,0.0013029835352593973,346,80.0,604.3875736128551
0,1,175099,0.0013029835352593973,346,80.0,601.0406431361245
0,1,175364,0.001363080552096324,363,80.0,601.0406431361245
0,1,175603,0.001433659684565648,346,100.0,597.7806402222263
0,1,175848,0.0013151994228899186,346,100.0,594.6175158076916
0,1,176092,0.0014098596716546378,346,100.0,591.5559613902674
0,1,176338,0.0014098596716546378,346,100.0,588.5978158752563
0,1,176538,0.0014130321002656199,346,100.0,588.5978158752563
0,1,176739,0.001556066019962965,346,80.0,585.7456830704634
0,1,176940,0.0013171941424523351,346,80.0,582.999871113877
0,1,177141,0.0013732145001154467,363,80.0,580.3650969619706
0,1,177351,0.0013732145001154467,363,80.0,577.8307453623803
0,1,177563,0.0013197167685776955,346,80.0,577.8307453623803
0,1,177563,0.0013142894258521835,346,100.0,575.3731479839466
0,1,177792,0.0013086197315183273,346,100.0,572.5049301428063
0,1,177999,0.0013215109870246477,346,100.0,570.1634893777483
0,1,178220,0.0013215109870246477,346,100.0,567.8574135779515
0,1,178448,0.0013284352698329878,346,80.0,565.5877901344323
0,1,178924,0.0013095254365147401,346,80.0,562.9160711281913
0,1,179124,0.0013328311291365426,346,80.0,560.7340999767329
0,1,179345,0.0013326304081925002,346,80.0,558.5868892803337
0,1,179577,0.001348360095587443,346,100.0,558.5868892803337
0,1,179799,0.0013865189577240604,346,100.0,554.3902944786668
0,1,180023,0.0013148514742403197,346,100.0,552.3181250784314
0,1,180458,0.0014113610568656587,346,100.0,550.2455660511455
0,1,180703,0.0013251479794913002,346,80.0,548.17650274983
0,1,180904,0.0014139586479974355,346,80.0,548.17650274983
0,1,181109,0.0013299802083276055,346,80.0,545.6984698369666
0,1,181109,0.0013270941265012038,346,80.0,543.6366928039633
0,1,181329,0.0013114413401157249,346,80.0,541.5771785565576
0,1,181559,0.0013114413401157249,346,100.0,539.5196466796136
0,1,181791,0.0015148514291738735,346,100.0,539.5196466796136
0,1,182014,0.001322904775014084,346,100.0,537.4624307389421
0,1,182265,0.0013004335145229478,346,100.0,535.4057615977817
0,1,182509,0.001308077145435027,346,100.0,533.349426075393
0,1,182755,0.0014076579475495003,346,80.0,531.2932298932019
0,1,182755,0.0014076579475495003,346,80.0,529.2386508481035
0,1,183255,0.0013300813815264282,346,80.0,527.1904311289046
0,1,183255,0.0013300813815264282,346,80.0,525.147512981052
0,1,183501,0.0015107795828158525,346,80.0,523.1114178625877
0,1,183731,0.0015036587575585516,346,80.0,523.1114178625877
0,1,184240,0.0013145382396846331,346,80.0,519.0496400526604
0,1,184441,0.001307837842904005,346,80.0,519.0496400526604
0,1,184642,0.0014791790919927836,363,160.0,517.0210609244002
0,1,184843,0.0013901078938190132,363,160.0,514.9941885841884
0,1,185043,0.0013740113438131998,363,160.0,512.9674496358106
0,1,185278,0.0013740113438131998,363,160.0,510.53466231173655
0,1,185478,0.0013039974409385143,346,160.0,510.53466231173655
0,1,185680,0.0013234452512142585,346,100.0,508.5082458057996
0,1,185881,0.0013409172828121737,346,100.0,506.4842366887669
0,1,186081,0.001533759234657696,346,100.0,504.46159536782034
0,1,186282,0.0015352649833961555,346,100.0,502.4404536949095
0,1,186492,0.0015308793032698259,346,100.0,500.4204581854163
0,1,186492,0.0015308793032698259,346,100.0,498.80462173218547
0,1,186718,0.0015492667862328125,346,100.0,497.1889158624881
0,1,186718,0.0015530984654471437,346,100.0,495.1701166093919
0,1,187161,0.0015465656786976371,346,100.0,493.5551054282994
0,1,187387,0.0015564832508738419,346,100.0,493.5551054282994
0,1,187613,0.0015325994886509445,346,180.0,489.9358733163813
0,1,187840,0.0016318909335843194,346,180.0,488.33443362217685
0,1,187840,0.0016332187492262848,346,180.0,486.33659573815214
0,1,188280,0.001550642420201541,346,180.0,484.73986905005574
0,1,188507,0.0015472862624597646,346,60.0,484.73986905005574
0,1,188507,0.0015539516006064914,346,60.0,482.73990087384595
0,1,188933,0.0015306484072590426,346,60.0,481.13845197491446
0,1,188933,0.0015351236938699953,346,60.0,479.1333700023141
0,1,188933,0.0013025274412025519,346,60.0,477.52688887056917
0,1,188933,0.0013025274412025519,346,20.0,475.11483527538246
0,1,188933,0.0012995822328329553,346,20.0,473.10492808008104
0,1,190067,0.0013304581737371812,346,20.0,471.09468239311553
0,1,190067,0.0013322169178599033,346,20.0,469.08507981661836
0,1,190067,0.0013346047480883034,346,20.0,467.0779961369518
0,1,190067,0.001308874666406917,346,20.0,465.0726560574696
0,1,190067,0.0014129316710560266,346,20.0,463.06836593915415
0,1,191416,0.0014129179147417768,346,20.0,460.66684498912696
0,1,191416,0.0013286164832287514,346,40.0,459.0740212456086
0,1,191866,0.0014146257429024003,346,40.0,459.0740212456086
0,1,192092,0.0014128202526124771,346,40.0,457.1137869383531
0,1,192317,0.0013058866154712777,346,40.0,453.28938370499725
0,1,192317,0.0014120724159069017,346,60.0,451.40477045879135
0,1,192769,0.001412373379944351,346,60.0,449.517752682167
0,1,192769,0.0014125589696469452,346,60.0,447.5889211963519
0,1,193214,0.0014103309954625806,346,60.0,447.5889211963519
0,1,193214,0.0014125974684332863,346,40.0,443.83753550314594
0,1,193214,0.0014115230408605916,346,40.0,441.9372954711231
0,1,193214,0.0015145146950472442,346,40.0,441.9372954711231
0,1,193214,0.0013009744418168094,346,40.0,438.12963391005627
0,1,193214,0.0014320709389783477,346,40.0,438.12963391005627
0,1,194796,0.0013089584861413017,346,40.0,434.31273565529045
0,1,194796,0.0014125589696469452,346,40.0,432.4015908825127
0,1,195230,0.0013289096914504439,346,40.0,432.4015908825127
0,1,195474,0.0013097287132751764,346,60.0,428.14758060726246
0,1,195936,0.0013266961924987225,346,60.0,428.14758060726246
0,1,196136,0.001310276219669097,346,60.0,426.1787536671481
0,1,196136,0.0013051326366530567,346,60.0,424.18562532564505
0,1,196364,0.0013047806085017622,346,60.0,422.1696538246463
0,1,196590,0.0013047806085017622,346,100.0,419.7214207063718
0,1,196816,0.0013048158027710594,346,100.0,419.7214207063718
0,1,197042,0.0013040583723320897,346,100.0,415.57467210821164
0,1,197308,0.0014135977970448684,346,100.0,413.471474662835
0,1,197573,0.0013076763926446484,346,80.0,413.471474662835
0,1,197814,0.0014106819526354007,346,80.0,411.3496615103176
0,1,198075,0.001325056024309249,346,80.0,409.20968170311426
0,1,198319,0.00139541685371118,363,80.0,406.61943235204507
0,1,198319,0.00139541685371118,363,80.0,404.8799636419761
0,1,198580,0.0014155861405666717,346,80.0,404.8799636419761
0,1,198580,0.0013126845215428076,346,80.0,402.2533868842184
0,1,199014,0.0013224346304693308,346,80.0,400.04873511877804
0,1,199237,0.001372460642992036,363,80.0,397.83305248118637
0,1,199460,0.001372460642992036,363,80.0,395.1683140998247
0,1,199695,0.001323523705208169,346,140.0,393.387192859511
0,1,199695,0.001411621896819051,346,140.0,393.387192859511
0,1,200131,0.001425511530478635,346,140.0,391.1595887861857
0,1,200367,0.0013009126320988717,346,140.0,388.4850002370185
0,1,200628,0.0014184169448155813,346,60.0,386.7018386444111
0,1,200628,0.001328825730647167,346,60.0,384.02782692997914
0,1,201020,0.001328825730647167,346,60.0,381.79949611335354
0,1,201245,0.0013062321863827673,346,60.0,381.79949611335354
0,1,201468,0.0013068073677527992,346,60.0,379.5708263952363
0,1,201468,0.0013054472758151684,346,80.0,376.8963429615551
0,1,201468,0.0013054472758151684,346,80.0,374.66817410897625
0,1,202148,0.0013034387781405354,346,80.0,372.48587230671023
0,1,202376,0.001477467529862834,346,80.0,372.48587230671023
0,1,202589,0.0013022364096614092,346,60.0,367.98827783314556
0,1,202589,0.001412765237640013,346,60.0,365.76212443963834
0,1,202589,0.0014344957906026205,346,60.0,363.5347187033184
0,1,202589,0.0013091946557930157,346,60.0,361.3039404387476
0,1,202589,0.0013308534861754323,346,60.0,361.3039404387476
0,1,202589,0.0014145512837633015,346,60.0,356.8230964974347
0,1,202589,0.0014142604167072719,346,60.0,356.8230964974347
0,1,202589,0.0014140234002915292,346,60.0,354.57177680947694
0,1,202589,0.0013052112822237792,346,60.0,352.31441169770756
0,1,202589,0.0013056128744947284,346,60.0,350.052585183945
0,1,202589,0.0013056128744947284,346,60.0,347.33074057470816
0,1,202589,0.001304888543611102,346,60.0,347.33074057470816
0,1,202589,0.001325390027809616,346,60.0,345.05432643351395
0,1,205500,0.0012901042001328127,346,60.0,342.7716603573454
0,1,205749,0.0014804140669151657,346,20.0,340.48307511334514
0,1,205749,0.0014804140669151657,346,20.0,338.1932256694677
0,1,206136,0.0014308284322134999,346,20.0,338.1932256694677
0,1,206358,0.0013293747099608578,346,20.0,333.65304711939905
0,1,206358,0.001354450954405797,346,60.0,331.4300349752421
0,1,206810,0.001534005176716664,363,60.0,329.2394053749578
0,1,206810,0.0013305460006491233,346,60.0,327.0811858721095
0,1,206810,0.001425491927253439,346,60.0,324.95461510811253
0,1,207721,0.001410559920375727,346,40.0,322.8564701013193
0,1,207721,0.0014110495481173583,346,40.0,320.78812555632754
0,1,207967,0.001389693553453097,346,40.0,320.78812555632754
0,1,208229,0.0014372362518519691,346,40.0,319.150081353971
0,1,208229,0.0013496855887317656,346,40.0,316.7155786280042
0,1,208615,0.0013044158730700886,346,80.0,314.70099885822196
0,1,208839,0.0013044158730700886,346,80.0,312.69528116190907
0,1,209073,0.0013664118982405164,346,80.0,310.6955524047001
0,1,209296,0.0013884039071992346,346,80.0,308.7015139602793
0,1,209515,0.0014322603282131451,346,80.0,306.71021256865316
0,1,209986,0.0013095857038565766,346,80.0,304.7221583940013
0,1,210199,0.0014119625066889793,346,80.0,302.7381980707327
0,1,210428,0.00132968774589841,346,80.0,300.75985743737
0,1,210648,0.0014134201938154369,346,160.0,298.7853339851847
0,1,210875,0.0013104288461920491,346,160.0,296.8157423927253
0,1,211105,0.0015499965117235354,346,160.0,294.85217432736056
0,1,211323,0.0013186183716044806,346,160.0,292.89599021386687
0,1,211553,0.001458379619273297,346,100.0,290.9486099476435
0,1,211774,0.0013988047785109662,346,100.0,289.0088546696075
0,1,211998,0.0014098021478844164,346,100.0,289.0088546696075
0,1,212236,0.0013040747779109704,346,100.0,287.07660421842314
0,1,212492,0.0015226419822227202,363,100.0,285.1523422821014
0,1,212736,0.0013874451430883462,363,80.0,283.23885867328676
0,1,212981,0.0014810698028686908,363,80.0,281.33634314608906
0,1,213182,0.0014810698028686908,363,80.0,281.33634314608906
0,1,213383,0.001327786226324809,346,80.0,277.57301226585673
0,1,213383,0.001371471272167121,346,80.0,275.7167811607181
0,1,213383,0.0014237158747210164,346,80.0,273.88168214207815
0,1,213383,0.0013094450886871345,346,80.0,272.0721186919647
0,1,214484,0.001403805815926375,346,80.0,270.2888671789814
0,1,214484,0.001485336977002918,346,120.0,270.2888671789814
0,1,214988,0.0014050548659405942,346,120.0,266.78877907205884
0,1,215188,0.0013307387725758888,346,120.0,265.07569128021044
0,1,215390,0.001332125201829616,346,120.0,263.3864095355767
0,1,215591,0.001332125201829616,346,100.0,261.3886390616317
0,1,215815,0.0013076104098544556,346,100.0,259.747979140014
0,1,216053,0.0013280097951564123,346,100.0,259.747979140014
0,1,216314,0.0013072276054399462,346,100.0,258.1328802285054
0,1,216578,0.0013290703416847314,346,80.0,256.54708603472614
0,1,216778,0.0013290703416847314,346,80.0,254.66598819962974
0,1,216980,0.0013320286079332678,346,80.0,253.08826075047813
0,1,217181,0.0013320286079332678,346,80.0,251.47510189444893
0,1,217395,0.0013070945597966623,346,80.0,249.82192817805776
0,1,217856,0.0014122043295570212,346,100.0,248.1324982134918
0,1,218057,0.0013038755952316777,346,100.0,248.1324982134918
0,1,218285,0.001394865859356534,363,100.0,244.34179789479467
0,1,218285,0.001376940202724701,363,100.0,242.6456040927097
0,1,218743,0.0014794176824795,363,60.0,240.98150675933667
0,1,218962,0.0013038638804983192,346,60.0,239.35228343279346
0,1,219186,0.0013277473524726878,346,60.0,237.44747106635134
0,1,219425,0.0013536992165455433,346,60.0,237.44747106635134
0,1,219425,0.0013840527974242182,346,80.0,235.90759335890016
0,1,219857,0.0013813836632202575,346,80.0,234.4225774843025
0,1,219857,0.0013656455434382672,346,80.0,233.0101061496665
0,1,220303,0.0013656455434382672,346,80.0,231.6844979056523
0,1,220529,0.0013569649030778883,346,60.0,231.6844979056523
0,1,220754,0.0013551339269706568,346,60.0,230.45468675852123
0,1,220982,0.001358992971997554,346,60.0,229.32631247479807
0,1,221202,0.0013564867251674075,346,60.0,228.29903988806788
0,1,221437,0.0014754531742142496,346,60.0,227.39117180579842
0,1,221670,0.0014754531742142496,346,80.0,226.54474478486313
0,1,221670,0.0013696294034039969,346,80.0,226.54474478486313
0,1,221926,0.00144082498677053,346,80.0,225.7947905366419
0,1,222171,0.0013471672497899735,346,80.0,225.10661431964243
0,1,222411,0.001410492743086907,346,80.0,224.48102493328463
0,1,222652,0.0014470097037039991,346,100.0,224.02852878713543
0,1,222652,0.0014470097037039991,346,100.0,223.52634677745445
0,1,222917,0.0013825443792393874,346,100.0,223.52634677745445
0,1,223165,0.0013044111832673441,346,100.0,223.10317592966507
0,1,223431,0.0014113075279566893,346,100.0,222.76013888894994
0,1,223693,0.0013030829827716714,346,60.0,222.44333543759035
0,1,223693,0.0013030829827716714,346,60.0,222.24592615580832
0,1,223940,0.0013083365869798246,346,60.0,222.10185795008613
0,1,224174,0.0015004220203595068,346,60.0,222.10185795008613
0,1,224417,0.0014075214213042394,346,60.0,222.00325552366414
0,1,224630,0.00165586986073949,346,80.0,221.9531669845081
0,1,224889,0.0014039035938512737,346,80.0,221.92126626813578
0,1,225149,0.0013312417065089364,346,80.0,221.9186032693769
0,1,225409,0.0013319907078261143,346,80.0,221.91865667385406
0,1,225653,0.0013319907078261143,346,80.0,221.91923288379485
0,1,225854,0.0013250306178908405,346,80.0,221.91923288379485
0,1,226055,0.0015154034910384983,346,80.0,221.9181861726958
0,1,226256,0.0013870675981140388,346,80.0,221.9177887649563
0,1,226457,0.001412093025790224,346,80.0,221.9177887649563
0,1,226658,0.0014367382420902774,346,180.0,221.91722486325452
0,1,226861,0.0014128450107479984,346,180.0,221.91722486325452
0,1,227077,0.0016183695344047157,346,180.0,221.91706426915204
0,1,227339,0.0014754221235936545,363,180.0,221.91688982861203
0,1,227599,0.0013934016416622356,363,100.0,221.9169639120663
0,1,227859,0.001331870908768861,346,100.0,221.91715046256098
0,1,227859,0.001331870908768861,346,100.0,221.91726342917377
0,1,228114,0.0014227040539429325,363,100.0,221.91726342917377
0,1,228515,0.0013267835234207508,346,100.0,221.91783598266468
0,1,228716,0.0014988645998477617,346,80.0,221.91783598266468
0,1,228917,0.0016265428522433444,346,80.0,221.9180854733285
0,1,229118,0.0013114425252351819,346,80.0,221.9185259721405
0,1,229321,0.0014723276390678423,346,80.0,221.91895250898364
0,1,229534,0.0015131739875274095,346,80.0,221.9192972719504
0,1,229777,0.0015131739875274095,346,100.0,221.91932018637445
0,1,229978,0.0013933909202896951,346,100.0,221.91932018637445
0,1,230179,0.0013292931255896603,346,100.0,221.919511313986
0,1,230393,0.0015182159062139728,346,100.0,221.91961186188593
0,1,230620,0.0013254323953566958,346,100.0,221.91961186188593
0,1,230841,0.0014152686235443615,346,100.0,221.91858177923055
0,1,231066,0.001411518922162794,346,100.0,221.91858177923055
0,1,231291,0.0013569128833070907,346,100.0,221.91801062521225
0,1,231554,0.0013035195613823928,346,180.0,221.9174612376992
0,1,231766,0.0015464371324994618,346,180.0,221.9161663652554
0,1,231978,0.0016325885480356346,346,180.0,221.91499973919116
0,1,232232,0.0014485609347581754,346,180.0,221.91344639222442
0,1,232232,0.0014485609347581754,346,180.0,221.9118159428053
0,1,232493,0.0013669600012210352,363,80.0,221.9118159428053
0,1,232754,0.0013289437655274597,346,80.0,221.91149378197701
0,1,232955,0.0013090116168836732,346,80.0,221.9115054407357
0,1,233156,0.0013389267064929074,346,80.0,221.91138282354657
0,1,233357,0.0013389267064929074,346,80.0,221.91106584814864
0,1,233773,0.0013331041576911452,346,100.0,221.9109240531374
0,1,233974,0.0013540010748193706,346,100.0,221.91073665930477
0,1,234197,0.0013235369829581623,346,100.0,221.91073665930477
0,1,234417,0.001601941436265273,346,100.0,221.910409481123
0,1,234417,0.0013432058806651475,346,80.0,221.90992468932336
0,1,234649,0.001298564721125591,346,80.0,221.90998760579822
0,1,234871,0.001298564721125591,346,80.0,221.909943205039
0,1,235097,0.0013055506232547427,346,80.0,221.909943205039
0,1,235325,0.00141252184780461,346,80.0,221.90994204016758
0,1,235551,0.0013025110745320764,346,100.0,221.90989825768423
0,1,235796,0.0014134477262766258,346,100.0,221.9099589582391
0,1,236022,0.0015786739536001895,346,100.0,221.91005484353212
0,1,236266,0.0013800424540906424,346,100.0,221.91022665901357
0,1,236511,0.0013800424540906424,346,100.0,221.9105829669706
0,1,236712,0.0014100309011307614,346,80.0,221.9107606151797
0,1,236914,0.0013510614854674436,346,80.0,221.91093610363248
0,1,237115,0.00133369467350778,346,80.0,221.91133542419072
0,1,237546,0.0013337057047121726,346,80.0,221.9115554070041
0,1,237546,0.0013267095339788784,346,100.0,221.91157556491711
0,1,237799,0.0014772614859046111,346,100.0,221.9116127013279
0,1,238060,0.0013463024128497305,346,100.0,221.9116127013279
0,1,238260,0.0012940996094237662,346,100.0,221.91160757626358
0,1,238461,0.0013717174997702592,363,80.0,221.9117381064558
0,1,238662,0.0013717174997702592,363,80.0,221.91187136876826
0,1,238865,0.001305307547911433,346,80.0,221.91187136876826
0,1,239101,0.0013011937387586905,346,80.0,221.91226226899713
0,1,239354,0.001470236400181547,346,80.0,221.89472553631748
0,1,239573,0.001469411684180044,346,100.0,221.89472553631748
0,1,239838,0.0013948386471721254,346,100.0,221.78670898079002
0,1,240084,0.0013064120966718308,346,100.0,221.56978733996502
0,1,240285,0.0014134036748535688,346,100.0,221.2375359407431
0,1,240486,0.0014134036748535688,346,100.0,220.78669289854835
0,1,240687,0.0013029437605045033,346,80.0,220.2117501794328
0,1,240894,0.0013094509962797974,346,80.0,219.34736012631313
0,1,241139,0.0013220780258142567,346,80.0,219.34736012631313
0,1,241385,0.0013106087308339068,346,80.0,218.47831879404416
0,1,241630,0.001411733126324811,346,100.0,217.47709885927983
0,1,241876,0.0014123555109175066,346,100.0,216.34710358214124
0,1,242097,0.0013049002767642145,346,100.0,215.09307215242194
0,1,242298,0.0013049002767642145,346,100.0,213.7192871004938
0,1,242500,0.0013231809900499008,346,100.0,213.7192871004938
0,1,242700,0.0013154247344186216,346,80.0,210.62525941314456
0,1,242928,0.0014090561339120133,346,80.0,210.62525941314456
0,1,243192,0.0013102797687193247,346,80.0,208.55061229515474
0,1,243436,0.0013248781998378627,346,80.0,206.69717873839014
0,1,243681,0.0014144396097503923,346,80.0,204.73155874744563
0,1,243895,0.0016380504792036562,346,80.0,202.66128602284675
0,1,244096,0.0016380504792036562,346,80.0,200.93921387561323
0,1,244297,0.0013916632150686324,346,80.0,200.93921387561323
0,1,244498,0.0015070065089076916,346,80.0,198.72292514426772
0,1,244699,0.0013597837282736005,346,180.0,194.12741371250945
0,1,244899,0.00145243615844767,346,180.0,194.12741371250945
0,1,245118,0.0013501916429730413,346,180.0,191.78589866388
0,1,245521,0.0013155749849970175,346,100.0,187.5469536079526
0,1,245748,0.0013155749849970175,346,100.0,184.72475992502626
0,1,245973,0.0013373449040092816,346,100.0,184.72475992502626
0,1,246191,0.001300417200431552,346,100.0,182.38658243233186
0,1,246420,0.0013696138921658377,346,100.0,180.0672160852742
0,1,246657,0.0013113323182880735,346,80.0,177.7651567138783
0,1,246894,0.0013113323182880735,346,80.0,175.4823488085551
0,1,247095,0.0014522108785539024,346,80.0,175.4823488085551
0,1,247313,0.0013355664576358225,346,80.0,170.534198413869
0,1,247523,0.0014856851950434478,346,80.0,170.534198413869
0,1,247752,0.001366145633919494,346,100.0,166.55736454525413
0,1,247975,0.0014106147637228906,346,100.0,164.3747606739109
0,1,248201,0.0014506851770586032,346,100.0,162.21010101374878
0,1,248433,0.001389093636543761,346,100.0,162.21010101374878
0,1,248653,0.0014416164852761786,346,80.0,160.06373274423353
0,1,248894,0.0013091686729597876,346,80.0,157.9339117654812
0,1,249137,0.0013334397809497995,346,80.0,155.82018072954457
0,1,249378,0.0013334397809497995,346,80.0,153.72134295784568
0,1,249579,0.0014348234130946754,346,100.0,151.63452601129714
0,1,249780,0.0013107022430151325,346,100.0,149.55778337108265
0,1,249986,0.0016486201195316432,346,100.0,147.4904505641113
0,1,250205,0.0013115823843712266,346,100.0,147.4904505641113
0,1,250429,0.0014116205237248056,346,100.0,143.83324613204636
0,1,250648,0.0014114296896123122,346,80.0,141.34054757265238
0,1,250873,0.0015176951242723848,346,80.0,141.34054757265238
0,1,251114,0.001315516550138103,346,80.0,139.71300990601588
0,1,251350,0.0013638410675939196,346,80.0,137.68641212639946
0,1,251551,0.0014118800860030937,346,100.0,135.6696150592892
0,1,251772,0.0014118800860030937,346,100.0,133.66388267669902
0,1,252000,0.0013370245573820936,346,100.0,133.66388267669902
0,1,252214,0.001334923936069909,346,100.0,131.26858088834388
0,1,252426,0.0013236408000058372,346,100.0,129.28380184319295
0,1,252426,0.0013033123549047907,346,80.0,127.30401294458633
0,1,252426,0.0013033123549047907,346,80.0,125.32252496141776
0,1,252426,0.0013039294857165448,346,80.0,122.94556909106998
0,1,252426,0.0014634755473804798,346,80.0,122.94556909106998
0,1,252426,0.0013847302816827494,346,80.0,121.36018455823832
0,1,252426,0.0012967360508962238,346,80.0,119.38160138028502
0,1,252426,0.0013072841285998683,346,80.0,117.00989060071021
0,1,252426,0.0013072841285998683,346,80.0,115.03458453923166
0,1,252426,0.001305584684518535,346,80.0,115.03458453923166
0,1,252426,0.0013917114734917735,363,80.0,113.06152051603175
0,1,252426,0.0013712282810161194,363,80.0,110.69896931906601
0,1,252426,0.0015392414721352198,346,80.0,108.73532399025846
0,1,252426,0.0015392414721352198,346,80.0,107.16895862890634
0,1,252426,0.0013235840607639822,346,80.0,105.21663875025214
0,1,252426,0.0021091056304663133,346,80.0,103.66152479988168
0,1,252426,0.0021091056304663133,346,80.0,101.72713825720884
0,1,252426,0.001302616296019704,346,80.0,99.80466757192396
