0,1,213,0.0018335685691832243,346,0,0.0
0,1,232,0.0017761707400358606,346,0,0.0
0,1,47,0.001704521005402866,346,0,0.0
0,1,48,0.001706447122015806,346,0,0.0
0,1,55,0.0017077905597985337,346,80.0,0.0
0,1,58,0.0017073123829422783,346,80.0,0.0
0,1,60,0.001706537421477574,346,80.0,0.0
0,1,67,0.001704404896072384,346,80.0,0.0
0,1,66,0.001706168257349708,346,80.0,0.0
0,1,71,0.001704098683553876,346,100.0,2582.2221366951508
0,1,73,0.0017054083625847134,346,100.0,2582.2216746951726
0,1,72,0.0016897746748483402,346,100.0,2582.2216702552087
0,1,71,0.0016415914067042367,346,100.0,2582.2219026344096
0,1,65,0.0016465233143103507,346,100.0,2582.2221835939445
0,1,63,0.0016828440605913724,346,100.0,2582.2222016366363
0,1,59,0.0016456215169304424,346,100.0,2582.222111584336
0,1,57,0.0016462954378386229,346,100.0,2582.2218890426357
0,1,53,0.001641754832286894,346,100.0,2582.2215385684685
0,1,48,0.0016465233143103507,346,100.0,2582.220914342563
0,1,38,0.0016434895183218444,346,200.0,2582.2203758098735
0,1,37,0.0016424813555178546,346,200.0,2582.2199253830818
0,1,35,0.00164247391979972,346,200.0,2582.2205363476182
0,1,26,0.0016389754621666524,346,200.0,2582.2209673266484
0,1,234,0.0016432848095460789,346,200.0,2582.22138967188
0,1,225,0.0016433797136373315,346,100.0,2582.2216475117016
0,1,226,0.0016430503876012875,346,100.0,2582.2218416319306
0,1,217,0.0016393142671242316,346,100.0,2582.2219363984914
0,1,217,0.0016706046311378694,346,100.0,2582.2217281528283
0,1,210,0.0016908043205985737,346,100.0,2582.2214088563933
0,1,211,0.00164394005720597,346,100.0,2582.2208615130185
0,1,210,0.00164394005720597,346,100.0,2582.2207951439714
0,1,200,0.0016315735328837752,346,100.0,2582.2207951439714
0,1,200,0.0016360726747987643,346,100.0,2582.220843623649
0,1,196,0.0016352486165682782,346,180.0,2582.2207966182677
0,1,196,0.0017004067958662386,346,180.0,2582.220328259023
0,1,191,0.0016693728060589467,346,180.0,2582.2199266197035
0,1,191,0.0017001299017454332,346,180.0,2582.219917062815
0,1,196,0.0016441169891693477,346,180.0,2582.219886479925
0,1,191,0.001643511853273764,346,100.0,2582.219674258445
0,1,183,0.0016395846710050613,346,100.0,2582.219222003331
0,1,182,0.0016432885310686484,346,100.0,2582.2187097591936
0,1,174,0.0016434392668994975,346,100.0,2582.218932631389
0,1,169,0.001643029925367727,346,100.0,2582.218983707465
0,1,169,0.0016437817819359808,346,100.0,2582.2189584472117
0,1,159,0.0016398162520692209,346,100.0,2582.218656471058
0,1,156,0.001673818603326117,346,100.0,2582.218415383315
0,1,158,0.0016430894532806783,346,100.0,2582.2185360875783
0,1,149,0.001644133753119792,346,100.0,2582.2185912048644
0,1,143,0.0016714531675427644,346,200.0,2582.218421506655
0,1,139,0.0016403074203429294,346,200.0,2582.218136937327
0,1,129,0.0016436049221081482,346,200.0,2582.218697897086
0,1,131,0.0016430987549067226,346,200.0,2582.219829290239
0,1,124,0.0016716148912642832,346,200.0,2582.2207889076803
0,1,125,0.0016417139728407688,346,100.0,2582.221846027793
0,1,119,0.0016417139728407688,346,100.0,2582.2224195962544
0,1,113,0.001632002878888749,346,100.0,2582.222539538192
0,1,104,0.0016396346869763968,346,100.0,2582.222539538192
0,1,101,0.001640938029602325,346,100.0,2582.222381755205
0,1,97,0.001641992600319974,346,100.0,2582.2219654265173
0,1,87,0.0016424925092212918,346,100.0,2582.221484226058
0,1,87,0.001637189334566766,346,100.0,2582.2208146582007
0,1,77,0.001642711896177987,346,100.0,2582.2211652940873
0,1,74,0.0016436235371399125,346,100.0,2582.221365935049
0,1,74,0.0017227971883642093,363,200.0,2582.221589298203
0,1,274,0.0016395550333508071,346,200.0,2582.2216726165743
0,1,477,0.0017246198576836556,363,200.0,2582.221639327868
0,1,684,0.0016431936375082654,346,200.0,2582.221483862116
0,1,893,0.0017240535198253448,363,200.0,2582.2214113756277
0,1,1095,0.0016436030606281626,346,80.0,2582.2209140544587
0,1,1308,0.0016389551013032773,346,80.0,2582.220530226033
0,1,1513,0.001643238291936156,346,80.0,2582.220361470778
0,1,1722,0.0016433424950401767,346,80.0,2582.22045667125
0,1,1923,0.0016426133507189684,346,80.0,2582.220693238909
0,1,2126,0.0016435490795426875,346,100.0,2582.2207062356897
0,1,2331,0.0016789366454798501,346,100.0,2582.220851769085
0,1,2533,0.0017246647900597985,363,100.0,2582.2211463090193
0,1,2533,0.0016418439872293534,346,100.0,2582.2213008272324
0,1,2742,0.0016418439872293534,346,100.0,2582.221571140442
0,1,2947,0.00171770678550275,363,100.0,2582.221684786959
0,1,3156,0.0017140982593687975,346,100.0,2582.2214075599454
0,1,3569,0.001634206368457028,346,100.0,2582.2224149999174
0,1,3777,0.0016308547925624089,346,100.0,2582.221428494756
0,1,3978,0.0016415394144781046,346,100.0,2582.221428494756
0,1,3978,0.0017659920105783282,363,200.0,2582.2221400067588
0,1,4189,0.001718133229514024,363,200.0,2582.222533159224
0,1,4388,0.0016432848095460789,346,200.0,2582.2218702386954
0,1,4592,0.0016746394889405856,346,200.0,2582.222076707607
0,1,4797,0.0016430596887850298,346,200.0,2582.2203302217654
0,1,5005,0.0016634448204084253,346,100.0,2582.2190830277664
0,1,5217,0.0016964710371270926,346,100.0,2582.2181725216687
0,1,5418,0.00167214070956242,346,100.0,2582.217127159039
0,1,5619,0.0016378785475180634,346,100.0,2582.2162025450684
0,1,5822,0.0016433015565303845,346,100.0,2582.2149441678484
0,1,6027,0.001642871825292155,346,100.0,2582.2139134888757
0,1,6235,0.0016430801517599465,346,100.0,2582.212862544414
0,1,6436,0.001682167188662755,346,100.0,2582.2120066992193
0,1,6642,0.0017191653242971331,363,100.0,2582.211479350572
0,1,6845,0.0016407988829405347,346,100.0,2582.209842716848
0,1,7052,0.0017035965731538676,346,200.0,2582.2088772607744
0,1,7259,0.0016448735698887194,346,200.0,2582.2077014574347
0,1,7469,0.0016433964625560688,346,200.0,2582.207271187633
0,1,7670,0.001704182730935485,346,200.0,2582.2067737906173
0,1,7877,0.001637512619606427,346,200.0,2582.206289192583
0,1,8086,0.0017058213084674599,346,100.0,2582.205418642683
0,1,8287,0.001707511255910927,346,100.0,2582.2050054074293
0,1,8494,0.0017232963803056028,363,100.0,2582.2051859549806
0,1,8703,0.0017218911923602808,363,100.0,2582.2055250161534
0,1,8907,0.0017223158201951803,363,100.0,2582.205723209669
0,1,9109,0.0017223158201951803,363,80.0,2582.2058200613424
0,1,9312,0.0017143279324236984,363,80.0,2582.2060757194963
0,1,9524,0.0017285946648016783,363,80.0,2582.206440414984
0,1,9726,0.0016809533056037214,346,80.0,2582.206440414984
0,1,9931,0.0016412479476331197,346,80.0,2582.2067867703267
0,1,10141,0.0016435323275129842,346,100.0,2582.207096211829
0,1,10346,0.0016709431727247501,346,100.0,2582.207547640318
0,1,10551,0.0017345004482833652,363,100.0,2582.208057814091
0,1,10762,0.0017245202333744491,363,100.0,2582.208707097715
0,1,10968,0.001790854254026543,363,100.0,2582.209280794239
0,1,11169,0.0017853920532100022,363,100.0,2582.209970555236
0,1,11378,0.0017240281409766456,363,100.0,2582.210621634845
0,1,11584,0.0017241530902168706,363,100.0,2582.2111757376238
0,1,11786,0.0017194196582239027,363,100.0,2582.211756566669
0,1,11996,0.0017237743935782984,363,100.0,2582.212361653287
0,1,12197,0.0017238583171424301,363,200.0,2582.2129927488227
0,1,12399,0.0017190178062750437,363,200.0,2582.213471940021
0,1,12606,0.001711212335302825,363,200.0,2582.214216208452
0,1,12814,0.0017188547894913314,363,200.0,2582.215129789307
0,1,13021,0.001718748069060031,363,200.0,2582.21599404208
0,1,13222,0.0017199382665424045,363,100.0,2582.2167492993985
0,1,13427,0.0017201695073810368,363,100.0,2582.217720764217
0,1,13636,0.0016479031263200447,346,100.0,2582.2188813274197
0,1,13840,0.001639155029863828,346,100.0,2582.220367098269
0,1,13840,0.001638644198241248,346,100.0,2582.2216296951196
0,1,14046,0.001638644198241248,346,100.0,2582.22277762801
0,1,14248,0.0016277432946109006,346,100.0,2582.22277762801
0,1,14460,0.0016390754228338765,346,100.0,2582.2240462432455
0,1,14671,0.0016321607295089896,346,100.0,2582.225484943532
0,1,14883,0.0016339910870911444,346,100.0,2582.2265799404972
0,1,15084,0.0016227887923370842,346,200.0,2582.227678775915
0,1,15285,0.0016350238500026477,346,200.0,2582.228740438063
0,1,15486,0.0016406133907626913,346,200.0,2582.229918572174
0,1,15688,0.0017408188500663729,363,200.0,2582.230681382889
0,1,15899,0.0017198644380257617,363,200.0,2582.2314059162422
0,1,16101,0.00163980142892171,346,80.0,2582.2322137019396
0,1,16308,0.0016583903286888214,346,80.0,2582.233057516749
0,1,16509,0.001703092759888935,346,80.0,2582.2343648929104
0,1,16716,0.0017816314505974921,363,80.0,2582.234847710385
0,1,16928,0.001640685727723097,346,80.0,2582.2356645734562
0,1,17129,0.0017209550244036975,363,100.0,2582.237363935369
0,1,17331,0.0016402351167366849,346,100.0,2582.2369534390223
0,1,17539,0.0016397903117369428,346,100.0,2582.2367553242157
0,1,17749,0.0016404539010298977,346,100.0,2582.2361041861377
0,1,17950,0.0016403741677913492,346,100.0,2582.2351928708767
0,1,18161,0.0016414131613533695,346,100.0,2582.2350512029193
0,1,18368,0.0016404501923352997,346,100.0,2582.2335417798763
0,1,18571,0.0016404501923352997,346,100.0,2582.233134083727
0,1,18779,0.0017146020766233474,363,100.0,2582.233134083727
0,1,18980,0.0016498796426090586,346,100.0,2582.2320133900353
0,1,19188,0.001644171007566977,346,200.0,2582.2313418153617
0,1,19390,0.0016434299614177697,346,200.0,2582.230365738378
0,1,19597,0.0017239578649872447,363,200.0,2582.2298823709225
0,1,19803,0.001720918065695287,363,200.0,2582.2295392336837
0,1,20009,0.0017235480358762062,363,200.0,2582.229264085694
0,1,20212,0.001725356653389163,363,100.0,2582.2290708473693
0,1,20421,0.001753441280831407,363,100.0,2582.2287522533284
0,1,20624,0.0016446964750574872,346,100.0,2582.2289282721986
0,1,20829,0.0017798611118255083,363,100.0,2582.2290288986483
0,1,21037,0.00164274164807413,346,100.0,2582.2292270250127
0,1,21245,0.0016432773665515084,346,100.0,2582.2293444260986
0,1,21451,0.0017228517733963392,363,100.0,2582.229293735119
0,1,21654,0.0017205155131264918,363,100.0,2582.22921629402
0,1,21860,0.0016386627010742782,346,100.0,2582.229058260465
0,1,22066,0.0016445697358564973,346,100.0,2582.2287844641482
0,1,22269,0.001643322025530315,346,200.0,2582.2284969995194
0,1,22269,0.001643091313597462,346,200.0,2582.228317027741
0,1,22477,0.001642068774956692,346,200.0,2582.2283840739533
0,1,22682,0.001718493933760662,363,200.0,2582.228373714494
0,1,22883,0.001718493933760662,363,200.0,2582.228449789759
0,1,23091,0.0017195322881208537,363,100.0,2582.228449789759
0,1,23295,0.0016413444729582853,346,100.0,2582.2285328506614
0,1,23500,0.0017211573528314557,363,100.0,2582.2286495518224
0,1,23701,0.0017087042203255728,363,100.0,2582.228733975723
0,1,23901,0.0017186588221482723,363,100.0,2582.228959495899
0,1,24109,0.001720221982444505,363,80.0,2582.2290803573565
0,1,24317,0.0017237782968186918,363,80.0,2582.2291966802177
0,1,24526,0.0017222223061791682,363,80.0,2582.229587296915
0,1,24732,0.0017186045024788015,363,80.0,2582.2300634651356
0,1,24937,0.001643357382276738,346,80.0,2582.2306992019226
0,1,25144,0.0016428364894358863,346,100.0,2582.2311922595413
0,1,25345,0.0016438692950828772,346,100.0,2582.2315992484
0,1,25553,0.00163648778353509,346,100.0,2582.23161116304
0,1,25754,0.0016440071006265725,346,100.0,2582.2315828162255
0,1,25968,0.0016655562997665606,346,100.0,2582.2314734928946
0,1,26174,0.0016446890192696288,346,100.0,2582.2313719793665
0,1,26375,0.0016427806990733508,346,100.0,2582.231198898933
0,1,26577,0.001635055166228768,346,100.0,2582.231054926669
0,1,26783,0.0016395383626411492,346,100.0,2582.2307934403284
0,1,26989,0.0016408044483539146,346,100.0,2582.230640552715
0,1,27202,0.0016408044483539146,346,200.0,2582.230556325019
0,1,27407,0.0016376475133919452,346,200.0,2582.230556325019
0,1,27608,0.0016393698222846788,346,200.0,2582.23058945174
0,1,27815,0.0016366003604237575,346,200.0,2582.230664927983
0,1,28023,0.001640591134519663,346,100.0,2582.2308391445995
0,1,28225,0.001641292496372423,346,100.0,2582.2309289972222
0,1,28431,0.0016412739341038149,346,100.0,2582.230995183898
0,1,28637,0.0016706277091609845,346,100.0,2582.230967065246
0,1,28847,0.0017025572853485878,346,100.0,2582.230919808666
0,1,29054,0.0017666005896665633,363,100.0,2582.230886592468
0,1,29258,0.0017193109261158064,363,100.0,2582.2308564927907
0,1,29462,0.0017198994086382866,363,100.0,2582.2308505797546
0,1,29669,0.0016403686052965027,346,100.0,2582.230754598719
0,1,29870,0.001634325993729504,346,100.0,2582.230627341141
0,1,30078,0.0016390458035872608,346,200.0,2582.230464664186
0,1,30282,0.0016386034934793654,346,200.0,2582.2303439830366
0,1,30493,0.0016392920461143277,346,200.0,2582.230239673066
0,1,30697,0.0016401609658129607,346,200.0,2582.2303317981514
0,1,30903,0.0016355600756453863,346,200.0,2582.230447868575
0,1,31104,0.001639821810818629,346,80.0,2582.2305703009197
0,1,31104,0.0016397124956640916,346,80.0,2582.2307109472877
0,1,31314,0.0016403426474860153,346,80.0,2582.230765137464
0,1,31520,0.0016403426474860153,363,80.0,2582.2307722754167
0,1,31723,0.0017185424270608526,363,80.0,2582.2307722754167
0,1,31924,0.0016352007103154617,346,100.0,2582.2307157584137
0,1,32127,0.001686528593824631,346,100.0,2582.2305947127074
0,1,32338,0.0016359195989642692,346,100.0,2582.230433635549
0,1,32549,0.0016304718453779322,346,100.0,2582.230378922457
0,1,32761,0.0016288029055679203,346,100.0,2582.2302847668875
0,1,32967,0.0016960031413759413,346,100.0,2582.229998493325
0,1,33167,0.0016334283115877434,346,100.0,2582.2295684203327
0,1,33373,0.0016410252402065714,346,100.0,2582.2291589299307
0,1,33574,0.0016843186770843488,346,100.0,2582.2290723047176
0,1,33776,0.0016419071445057407,346,100.0,2582.2289110628485
0,1,33980,0.0016354568571280458,346,200.0,2582.22856150411
0,1,34195,0.001637488599756503,346,200.0,2582.228033558138
0,1,34403,0.0016401294537005014,346,200.0,2582.2278461343803
0,1,34606,0.0016403630428393806,346,200.0,2582.2278631351714
0,1,34816,0.0016349243828881657,346,200.0,2582.227833512918
0,1,35019,0.001664385351593188,346,100.0,2582.2275660864275
0,1,35226,0.0016541749455439507,346,100.0,2582.227167323732
0,1,35430,0.0016399607918030732,346,100.0,2582.2272166418556
0,1,35639,0.0016394050091672436,346,100.0,2582.2273428473773
0,1,35848,0.0016344253880443374,346,100.0,2582.2274003678885
0,1,36049,0.0016344253880443374,346,100.0,2582.2272584349616
0,1,36253,0.0016359177548517423,346,100.0,2582.2272584349616
0,1,36457,0.001645731621407689,346,100.0,2582.226969415013
0,1,36672,0.0016388847676674595,346,100.0,2582.227222387726
0,1,36877,0.0016419145750930005,346,100.0,2582.227399138349
0,1,37077,0.001713963186316504,363,200.0,2582.2274073223557
0,1,37286,0.0016403148364578413,346,200.0,2582.227210439222
0,1,37492,0.0016412757903117817,346,200.0,2582.2269358115595
0,1,37693,0.001672769043329518,346,200.0,2582.2269702205895
0,1,37904,0.001640991839305442,346,200.0,2582.2269381626447
0,1,38107,0.0016402184321942905,346,80.0,2582.226709018212
0,1,38309,0.0016680469278186518,346,80.0,2582.226440514278
0,1,38522,0.0016416396881490296,346,80.0,2582.2262062959066
0,1,38725,0.0016402258475045606,346,80.0,2582.2261803433594
0,1,38928,0.0016409361741582624,346,80.0,2582.226027581524
0,1,38928,0.0016399329937215514,346,100.0,2582.2255768515392
0,1,39139,0.0016408155792939389,346,100.0,2582.2250838847485
0,1,39338,0.0016401294537005014,346,100.0,2582.224836759238
0,1,39546,0.0016403370852049364,346,100.0,2582.2247017588597
0,1,39756,0.0016719538424671424,346,100.0,2582.224563648316
0,1,39959,0.0017206574546112074,363,100.0,2582.2243542979063
0,1,40165,0.0016407339559072922,346,100.0,2582.2241359144987
0,1,40367,0.0016407339559072922,346,100.0,2582.2244129306446
0,1,40575,0.00167138579189408,346,100.0,2582.224695361191
0,1,40776,0.001637736222787233,346,100.0,2582.224695361191
0,1,40979,0.0016805853952284009,346,200.0,2582.2248543833707
0,1,41187,0.0016264097815732552,346,200.0,2582.2249074070714
0,1,41395,0.0017214142228191927,363,200.0,2582.2248174785077
0,1,41600,0.001640873091556661,346,200.0,2582.224719673999
0,1,41801,0.0016400071240332153,346,200.0,2582.224508904483
0,1,42013,0.001632722631744746,346,100.0,2582.224209512483
0,1,42213,0.0016320579395907792,346,100.0,2582.2236392498544
0,1,42416,0.0016682597705959036,346,100.0,2582.2233578729615
0,1,42623,0.0016414911389312425,346,100.0,2582.2235311025147
0,1,42834,0.0016410790556295614,346,100.0,2582.2236425711685
0,1,43036,0.0016339101412529244,346,100.0,2582.2235777300916
0,1,43246,0.001640685727723097,346,100.0,2582.2232929835836
0,1,43450,0.001640353772161342,346,100.0,2582.223217684047
0,1,43657,0.001640854538773341,346,100.0,2582.222800999868
0,1,43861,0.0016274986839640996,346,100.0,2582.2224666380653
0,1,44066,0.0016332095591255662,346,200.0,2582.2217766129484
0,1,44279,0.0016333658049049512,346,200.0,2582.221107558361
0,1,44483,0.0016893340628179369,346,200.0,2582.2213393737597
0,1,44684,0.0017138686478454681,363,200.0,2582.221587055772
0,1,44890,0.0017138686478454681,363,200.0,2582.2219127562985
0,1,45101,0.0016196465063123874,346,80.0,2582.2219127562985
0,1,45302,0.0016400404848599915,346,80.0,2582.2222054753734
0,1,45509,0.001632847551453016,346,80.0,2582.222454196712
0,1,45720,0.0016311810808380541,346,80.0,2582.222262250431
0,1,45924,0.001627518761172705,346,80.0,2582.222086397262
0,1,46125,0.0016324820314723427,346,100.0,2582.221606339486
0,1,46330,0.0017111931027739284,363,100.0,2582.221421276101
0,1,46537,0.001633261025021749,346,100.0,2582.221211091368
0,1,46742,0.0016297211314834632,346,100.0,2582.221587586949
0,1,46949,0.001631885428473759,346,100.0,2582.2218315031428
0,1,47156,0.0016333566131492019,346,100.0,2582.2220862261784
0,1,47362,0.0016402221398410446,346,100.0,2582.2222401374297
0,1,47568,0.0017217704648851105,363,100.0,2582.222291520118
0,1,47568,0.0016713299704713075,346,100.0,2582.2220273025273
0,1,47775,0.0016413296221692668,346,100.0,2582.2218758946346
0,1,47982,0.0016413741753425585,346,200.0,2582.22164619109
0,1,48183,0.001640088675117082,346,200.0,2582.221456075853
0,1,48392,0.0017190818570431744,363,200.0,2582.221549943595
0,1,48597,0.0017152105264936662,363,200.0,2582.2217835512056
0,1,48803,0.0017152105264936662,346,200.0,2582.222140455868
0,1,49004,0.0016356245938351987,346,100.0,2582.222140455868
0,1,49208,0.0016364139710318155,346,100.0,2582.2227643596693
0,1,49409,0.0017216954942834736,346,100.0,2582.2227643596693
0,1,49612,0.0016695667796025196,346,100.0,2582.2225514544693
0,1,49612,0.0016372835358836775,346,100.0,2582.222370362751
0,1,50027,0.0016413500420734521,346,80.0,2582.221963177502
0,1,50234,0.0016236094196988462,346,80.0,2582.221623212694
0,1,50447,0.001625630024262981,346,80.0,2582.22141253604
0,1,50653,0.0016170513296503218,346,80.0,2582.2213010489804
0,1,50867,0.0016754205599708147,346,80.0,2582.221103380474
0,1,51079,0.001630415059914751,346,100.0,2582.220639497623
0,1,51286,0.0016310289189368405,346,100.0,2582.220286730801
0,1,51493,0.001671289550389311,346,100.0,2582.220255985302
0,1,51694,0.0016718806481863361,346,100.0,2582.2204040769975
0,1,51895,0.0016278345860782112,346,100.0,2582.220592232671
0,1,52096,0.00170569900753633,346,80.0,2582.2207381091407
0,1,52296,0.0016775043971185234,346,80.0,2582.220893395225
0,1,52498,0.0016382964227333893,346,80.0,2582.22099265393
0,1,52705,0.0016383167672343235,346,80.0,2582.2211344613143
0,1,52912,0.0016354236825142105,346,80.0,2582.221219131971
0,1,53114,0.001638664551380563,346,100.0,2582.2213849720047
0,1,53315,0.0016379284594504608,346,100.0,2582.221542503682
0,1,53526,0.0016385072902624133,346,100.0,2582.2215446362798
0,1,53727,0.0016385072902624133,346,100.0,2582.2216461957382
0,1,53932,0.0016336673518505592,346,100.0,2582.2216461957382
0,1,54140,0.0016936181150007995,346,100.0,2582.221801959911
0,1,54350,0.0016344161843591589,346,100.0,2582.2219743294595
0,1,54552,0.0016317478127800434,346,100.0,2582.222115959225
0,1,54760,0.0016323241187010506,346,100.0,2582.2220892040164
0,1,54970,0.001621530415933406,346,100.0,2582.222022474646
0,1,55171,0.0016225311558401337,346,200.0,2582.221869502794
0,1,55372,0.0016324838678470589,346,200.0,2582.22171760607
0,1,55593,0.001694436778066172,346,200.0,2582.2216877814026
0,1,55593,0.0016756604407988326,346,200.0,2582.2217089689166
0,1,55818,0.00170930657179328,363,200.0,2582.22176753489
0,1,56044,0.0017128949300512452,363,100.0,2582.221828931938
0,1,56259,0.0017129103466586863,363,100.0,2582.2218991150853
0,1,56475,0.001710141741623011,363,100.0,2582.2219556823516
0,1,56705,0.0016322708759332618,346,100.0,2582.2221421718878
0,1,56923,0.0016278126751921717,346,100.0,2582.2224009568486
0,1,57141,0.001633198531141224,346,80.0,2582.2228201901935
0,1,57364,0.0016340886006821326,346,80.0,2582.2231522757515
0,1,57584,0.0016337574697982726,346,80.0,2582.2229763639048
0,1,57805,0.0016337574697982726,346,80.0,2582.222948629273
0,1,57805,0.0016185049027042941,346,80.0,2582.222947184877
0,1,58031,0.0016293551803852574,346,100.0,2582.223051339733
0,1,58244,0.00167558498700501,346,100.0,2582.2231231439696
0,1,58463,0.0016325573262236622,346,100.0,2582.223107154185
0,1,58692,0.0016308474617412587,346,100.0,2582.223130268668
0,1,58908,0.0016303582784068377,346,100.0,2582.223130268668
0,1,59130,0.001776973655831151,363,80.0,2582.223226208254
0,1,59352,0.0017078934431746288,363,80.0,2582.2231959065175
0,1,59566,0.0016315955451321822,346,80.0,2582.2232381318718
0,1,59786,0.0017136390978289865,363,80.0,2582.2232381318718
0,1,60012,0.0016304901641130847,346,100.0,2582.223708090744
0,1,60226,0.0016784434276937595,346,100.0,2582.223708090744
0,1,60444,0.0016796361910802371,346,100.0,2582.224155525319
0,1,60668,0.0017018844238254338,346,100.0,2582.2239411087457
0,1,60886,0.0016885497915534648,346,100.0,2582.2237375821533
0,1,61104,0.0017015811113286767,346,80.0,2582.223398071342
0,1,61320,0.001701164233131711,346,80.0,2582.2233137023845
0,1,61320,0.0016855961596312949,346,80.0,2582.223178974225
0,1,61534,0.0016362866601120302,346,80.0,2582.2231501712668
0,1,61756,0.001718674342684529,363,80.0,2582.2231838690172
0,1,61972,0.0016387959338080686,346,100.0,2582.223264627889
0,1,62186,0.0016389217846180255,346,100.0,2582.223497176246
0,1,62399,0.00163308090857429,346,100.0,2582.2236999319434
0,1,62611,0.0016386978576082404,346,100.0,2582.223653895337
0,1,62822,0.0016657933640497984,346,100.0,2582.2236346376067
0,1,63048,0.001637736222787233,346,100.0,2582.2234283260805
0,1,63263,0.001632155222577993,346,100.0,2582.223224578909
0,1,63484,0.0016370212767877488,346,100.0,2582.223057480221
0,1,63699,0.0016359988997362072,346,100.0,2582.2228439737064
0,1,63920,0.0016364361140836447,346,100.0,2582.2227017803707
0,1,63920,0.0016355877256748975,346,180.0,2582.2223978442066
0,1,64141,0.0016349372760906496,346,180.0,2582.2219563108592
0,1,64365,0.0016734711766761186,346,180.0,2582.2218437642086
0,1,64580,0.001633246320149006,346,180.0,2582.221836175878
0,1,64795,0.001633246320149006,346,180.0,2582.22187231708
0,1,65014,0.0017057427716134583,363,100.0,2582.22187231708
0,1,65228,0.0016192073764391766,346,100.0,2582.2220524371487
0,1,65441,0.0016854767415391048,346,100.0,2582.2220478554927
0,1,65663,0.0016347567897590945,346,100.0,2582.2220478554927
0,1,65878,0.0017027550520191065,346,100.0,2582.2220698954648
0,1,66098,0.0016377158927019736,346,80.0,2582.221953786852
0,1,66313,0.0016372447457933064,346,80.0,2582.2218949124663
0,1,66537,0.0016328989945361093,346,80.0,2582.2217214268035
0,1,66754,0.0017172650577541469,363,80.0,2582.2216424084963
0,1,66974,0.001715527477715518,363,80.0,2582.221594142465
0,1,66974,0.001685410187978919,346,100.0,2582.221419184786
0,1,67195,0.0016323700204267113,346,100.0,2582.2212970981004
0,1,67411,0.0017128852948125148,363,100.0,2582.2212781286125
0,1,67630,0.001702587247042647,346,100.0,2582.2211761459307
0,1,67844,0.0016369381840413016,346,100.0,2582.2210208195593
0,1,68068,0.0016955434275646448,346,100.0,2582.2208132740952
0,1,68280,0.001634983324902463,346,100.0,2582.220580064013
0,1,68509,0.0016241636307474674,346,100.0,2582.2205413426313
0,1,68722,0.0016415876928645762,346,100.0,2582.2206214742937
0,1,68943,0.0017161385190236536,363,100.0,2582.2206853898897
0,1,69169,0.0016357942087827488,346,180.0,2582.220810029785
0,1,69169,0.0016688621606454521,346,180.0,2582.2209761122595
0,1,69392,0.0016521674402507347,346,180.0,2582.2219562857335
0,1,69605,0.001637871153416414,346,180.0,2582.223298205058
0,1,69827,0.0016353112674421617,346,180.0,2582.2243539084466
0,1,70039,0.0016353112674421617,346,100.0,2582.2255195421494
0,1,70255,0.0016307521670633342,346,100.0,2582.2264224152023
0,1,70470,0.0016366778813838403,346,100.0,2582.2263674749065
0,1,70685,0.001636716644617902,346,100.0,2582.2263774801854
0,1,70893,0.001682557250085216,346,100.0,2582.2263774801854
0,1,71109,0.0016749680686778496,346,80.0,2582.2262891785567
0,1,71328,0.001637098837629052,346,80.0,2582.226234347836
0,1,71532,0.0016379487948135676,346,80.0,2582.226159409373
0,1,71747,0.0017083629484427579,363,80.0,2582.2261521630285
0,1,71973,0.0017163996978749787,363,80.0,2582.226197019983
0,1,72194,0.0016717535365078195,346,100.0,2582.226175235453
0,1,72194,0.0017237763451962856,363,100.0,2582.2262594868625
0,1,72425,0.0016432773665515084,346,100.0,2582.226361239652
0,1,72637,0.0017170423426613648,363,100.0,2582.2263979465533
0,1,72855,0.0017231871573505245,363,100.0,2582.2264822983143
0,1,73080,0.001643037366120961,346,100.0,2582.226549463069
0,1,73298,0.0017236768183130403,363,100.0,2582.226575272579
0,1,73519,0.0016716110403357898,346,100.0,2582.227041478853
0,1,73735,0.0016393920454031974,346,100.0,2582.227576909914
0,1,73954,0.0016433424950401767,346,100.0,2582.228262170174
0,1,74162,0.001643357382276738,346,180.0,2582.2287147913735
0,1,74369,0.0016668801345238943,346,180.0,2582.229060920596
0,1,74577,0.0016398718412592589,346,180.0,2582.2291286965115
0,1,74778,0.0017149497093940076,363,180.0,2582.2291833142476
0,1,74984,0.0016394050091672436,346,180.0,2582.2291563216454
0,1,75189,0.0016394050091672436,346,100.0,2582.229163906152
0,1,75396,0.0016342505357490745,346,100.0,2582.229163906152
0,1,75600,0.0017214687202494693,363,100.0,2582.229222522974
0,1,75812,0.0016469213154678346,346,100.0,2582.2293229454926
0,1,76013,0.0016317936820989805,346,100.0,2582.229528912448
0,1,76218,0.0016292070169451186,346,100.0,2582.229811789414
0,1,76427,0.0016317936820989805,346,100.0,2582.2300483182075
0,1,76630,0.0016845861726351569,363,100.0,2582.2300682196437
0,1,76842,0.001627111838144197,346,100.0,2582.2298900452265
0,1,77043,0.001632704262811498,346,100.0,2582.229738930567
0,1,77043,0.0016752232901222454,346,200.0,2582.2295824294133
0,1,77253,0.0016776653545719274,346,200.0,2582.229419636195
0,1,77455,0.0016351214869030665,346,200.0,2582.2297078386127
0,1,77658,0.0016390309943653794,346,200.0,2582.2302163072486
0,1,77872,0.0016376586015408037,346,200.0,2582.230526607917
0,1,78072,0.001658217890385226,346,100.0,2582.2306929052847
0,1,78278,0.001639036547792224,346,100.0,2582.2308677775127
0,1,78487,0.0017138146305443118,363,100.0,2582.2308826643657
0,1,78688,0.0016386330967419949,346,100.0,2582.2307078425088
0,1,78895,0.0016388347974365491,346,100.0,2582.230565369142
0,1,79098,0.001637023123389039,346,80.0,2582.230370970602
0,1,79303,0.001637023123389039,346,80.0,2582.2303300905655
0,1,79515,0.0016302465585998494,346,80.0,2582.2304533423085
0,1,79722,0.001634353602048757,346,80.0,2582.230462977364
0,1,79926,0.0016371856406183544,346,80.0,2582.230469459868
0,1,80127,0.0016368514072894367,346,100.0,2582.230339576928
0,1,80330,0.0016821574394443614,346,100.0,2582.230339576928
0,1,80537,0.0016752484297747718,346,100.0,2582.230331562509
0,1,80742,0.0016709200859852554,346,100.0,2582.2302833545414
0,1,80955,0.00163768632256987,346,100.0,2582.230143101982
0,1,81156,0.0016371154587655325,346,100.0,2582.229898719325
0,1,81367,0.0016378619108832336,346,100.0,2582.229605318483
0,1,81568,0.0016475888195090938,346,100.0,2582.229575656565
0,1,81777,0.0016354568571280458,346,100.0,2582.2294592478834
0,1,81984,0.0016371339270907952,346,200.0,2582.2292740292023
0,1,82195,0.0016275808211312088,346,200.0,2582.2290087975107
0,1,82402,0.0016286950545319056,346,200.0,2582.2287658145874
0,1,82614,0.0017541907873816162,363,200.0,2582.2287866791658
0,1,82826,0.0016352320333169574,346,200.0,2582.2287477578557
0,1,83038,0.001635871653389755,346,100.0,2582.228595499626
0,1,83239,0.0016304407044728361,346,100.0,2582.228352786039
0,1,83440,0.0016538111237985838,346,100.0,2582.2281690976215
0,1,83641,0.0016356577766006007,346,100.0,2582.2281926677792
0,1,83842,0.001715626065693842,363,100.0,2582.2281743032636
0,1,84043,0.0016246927554176794,346,100.0,2582.2281038486535
0,1,84244,0.0016272431991191177,346,100.0,2582.2280532520185
0,1,84445,0.0016272431991191177,346,100.0,2582.228097164201
0,1,84646,0.0016340186840964493,346,100.0,2582.228097164201
0,1,84848,0.001718565704817074,363,100.0,2582.2281149262963
0,1,85055,0.0016784123685586207,346,200.0,2582.2281149262963
0,1,85264,0.001677657596877807,346,200.0,2582.2281695415745
0,1,85465,0.0016421579640004391,346,200.0,2582.228232622464
0,1,85676,0.001638518390057085,346,200.0,2582.228658186381
0,1,85879,0.0016412869276477547,346,200.0,2582.2293623711003
0,1,86087,0.0016423754028899432,346,100.0,2582.2299273495237
0,1,86288,0.0016872815617737028,346,100.0,2582.230700730977
0,1,86490,0.0016420018895314302,346,100.0,2582.2313644555798
0,1,86698,0.0016359527937007165,346,100.0,2582.2314768481006
0,1,86907,0.0016418811379799564,346,100.0,2582.2316156478682
0,1,87116,0.0016796264711771384,346,80.0,2582.2317382940896
0,1,87317,0.001642795576132852,346,80.0,2582.2319560417677
0,1,87527,0.0016424311657269354,346,80.0,2582.2320399383625
0,1,87728,0.0017164732292235055,363,80.0,2582.2320531425225
0,1,87931,0.0016426616922968955,346,80.0,2582.232109644417
0,1,88135,0.0016430131839193546,346,100.0,2582.2321429827916
0,1,88135,0.001644135615802055,346,100.0,2582.2322896574474
0,1,88346,0.0016416972581989886,346,100.0,2582.2323431958043
0,1,88549,0.0016568226497897618,346,100.0,2582.232379458521
0,1,88758,0.0017237763451962856,363,100.0,2582.2324728549256
0,1,88959,0.0016417529749952202,346,100.0,2582.232505449772
0,1,89172,0.0017561352143477525,363,100.0,2582.2325605689575
0,1,89373,0.0017561352143477525,363,100.0,2582.2325912876886
0,1,89585,0.0017200140445059004,363,100.0,2582.2325912876886
0,1,89791,0.0016392494575291341,346,100.0,2582.232480597047
0,1,89995,0.0016421393821506932,346,200.0,2582.2323750129185
0,1,90196,0.0016862385668189967,346,200.0,2582.2324149346923
0,1,90407,0.0016829826231363708,346,200.0,2582.2324081956235
0,1,90608,0.0016418012659445088,346,200.0,2582.232427100987
0,1,90817,0.0016389254864050521,346,200.0,2582.2325521118746
0,1,91022,0.0016411792730644833,346,100.0,2582.2328144736903
0,1,91231,0.001633485307144666,346,100.0,2582.2332358915583
0,1,91442,0.0016362589864463385,346,100.0,2582.233463066486
0,1,91643,0.0017731286198423143,363,100.0,2582.233415768508
0,1,91844,0.0016402555094161342,346,100.0,2582.2335981331025
0,1,92045,0.001643785505709865,346,100.0,2582.2339887922517
0,1,92252,0.00164394005720597,346,100.0,2582.234397246099
0,1,92457,0.0016426951612099918,346,100.0,2582.2343788295634
0,1,92658,0.0017233666023742903,363,100.0,2582.234333765112
0,1,92865,0.0016389551013032773,346,100.0,2582.2343419723
0,1,93073,0.0017235929124195676,363,200.0,2582.2343708366425
0,1,93279,0.0016434727675062794,346,200.0,2582.2344715003437
0,1,93483,0.0016940906282904642,346,200.0,2582.2343619331245
0,1,93684,0.0016718825742695165,346,200.0,2582.234445149952
0,1,93894,0.001642267605474417,346,200.0,2582.2344837276405
0,1,94100,0.0016389939724814472,346,80.0,2582.2345321095086
0,1,94305,0.0016389939724814472,346,80.0,2582.2346463387025
0,1,94515,0.0017196293947033153,363,80.0,2582.2346463387025
0,1,94721,0.0016771573771135952,346,80.0,2582.234644292388
0,1,94922,0.0017240886610032453,363,80.0,2582.234641509835
0,1,95130,0.0017214687202494693,363,100.0,2582.234812444405
0,1,95335,0.0016383944508858465,346,100.0,2582.234906199849
0,1,95539,0.0017234309776315297,363,100.0,2582.235178574868
0,1,95742,0.0016426802859691302,346,100.0,2582.2354163966033
0,1,95952,0.0016592663382196404,346,100.0,2582.235560541956
0,1,96154,0.0016435379114849416,346,100.0,2582.235926284197
0,1,96357,0.0017049405293545889,363,100.0,2582.236265476622
0,1,96569,0.001661833320737,346,100.0,2582.236460882956
0,1,96774,0.0016418699925782453,346,100.0,2582.236289768064
0,1,96978,0.0016424553307989266,346,100.0,2582.236182693256
0,1,97183,0.0016384073988773432,346,200.0,2582.2360622673773
0,1,97183,0.0016346186893802608,346,200.0,2582.2359569425903
0,1,97388,0.001719813927429348,363,200.0,2582.2359311355067
0,1,97599,0.0016431341020461772,346,200.0,2582.2360282993773
0,1,97805,0.001643162008756863,346,200.0,2582.2361442824626
0,1,98006,0.001668150466169251,346,100.0,2582.236355936818
0,1,98217,0.0016429852822635426,346,100.0,2582.2366178985612
0,1,98416,0.0016428774047768373,346,100.0,2582.2363560557824
0,1,98622,0.0016428774047768373,346,100.0,2582.2362224719163
0,1,98831,0.0016381854616221683,346,100.0,2582.236031693741
0,1,99035,0.001640938029602325,346,100.0,2582.236031693741
0,1,99247,0.0017374933809681734,346,100.0,2582.2359822156077
0,1,99453,0.0016371265397106883,346,100.0,2582.235946661782
0,1,99657,0.0017221307502109495,363,100.0,2582.235993945854
0,1,99861,0.0016424255892728407,346,100.0,2582.2359093575224
0,1,100064,0.00172115540713928,363,200.0,2582.2359365911634
0,1,100264,0.0016420297577964295,346,200.0,2582.23572745792
0,1,100473,0.001642366109451903,346,200.0,2582.2356230610585
0,1,100680,0.001633031291635159,346,200.0,2582.2355023876926
0,1,100885,0.0017063267375975752,346,200.0,2582.2353301657677
0,1,101094,0.0016332113971374359,346,100.0,2582.235145461264
0,1,101300,0.0016404668815930476,346,100.0,2582.2348516531
0,1,101507,0.0016789230489795588,346,100.0,2582.2347581585987
0,1,101719,0.001673257002126119,346,100.0,2582.234674217533
0,1,101925,0.0016743921727893668,346,100.0,2582.234577330951
0,1,102131,0.0016389643561784619,346,80.0,2582.234446894082
0,1,102332,0.0016788337060272298,346,80.0,2582.234259789977
0,1,102533,0.0017234699952796602,363,80.0,2582.2343307990564
0,1,102735,0.001636952955468601,346,80.0,2582.2345301270493
0,1,102943,0.0016419833112136198,346,80.0,2582.234848033045
0,1,103151,0.0016434988244780366,346,100.0,2582.2351956274206
0,1,103354,0.0016829084600630383,346,100.0,2582.2355699724644
0,1,103555,0.001642410718913713,346,100.0,2582.2356141834484
0,1,103761,0.0016359417286388883,346,100.0,2582.2356826260666
0,1,103967,0.0016359417286388883,346,100.0,2582.2358857652384
0,1,104172,0.0016369031029698725,346,100.0,2582.2358857652384
0,1,104381,0.0016387404175361574,346,100.0,2582.2363298343566
0,1,104589,0.001681894253257214,346,100.0,2582.2363298343566
0,1,104792,0.0016795351095865363,346,100.0,2582.236308634471
0,1,105001,0.0017219437725205103,363,100.0,2582.236300596736
0,1,105204,0.0016419127174398804,346,200.0,2582.2363856556904
0,1,105415,0.0016421133682675215,346,200.0,2582.2365495833333
0,1,105616,0.0016409361741582624,346,200.0,2582.2365153390097
0,1,105822,0.001641676829654567,346,200.0,2582.236338794718
0,1,106029,0.0017167616103050867,363,200.0,2582.2362690034643
0,1,106236,0.0016881039270426204,346,100.0,2582.2363497579827
0,1,106437,0.0016630025852111254,346,100.0,2582.2365217366764
0,1,106643,0.0016337390775729016,346,100.0,2582.2365460773867
0,1,106643,0.0016583126322669702,346,100.0,2582.2365363968684
0,1,106852,0.001643201079744376,346,100.0,2582.2365617021433
0,1,107059,0.0017187558300990932,363,100.0,2582.2366123254437
0,1,107265,0.0017220392039767232,363,100.0,2582.2367120173817
0,1,107467,0.00164276768186732,346,100.0,2582.2366270290654
0,1,107676,0.0016422434459259895,346,100.0,2582.23644498233
0,1,107883,0.0016365339197311592,346,100.0,2582.236125499234
0,1,108084,0.001643578861772044,346,200.0,2582.235588836595
0,1,108294,0.0016410103951937636,346,200.0,2582.2352887334587
0,1,108495,0.001641515276349738,346,200.0,2582.2352568005454
0,1,108701,0.0016399885908270069,346,200.0,2582.2351664935386
0,1,108911,0.0016399885908270069,346,200.0,2582.2350338854717
0,1,109113,0.001634027883305372,346,80.0,2582.234841442033
0,1,109323,0.0016430317855497174,346,80.0,2582.234841442033
0,1,109524,0.0017376868634377059,346,80.0,2582.2346730644913
0,1,109727,0.0016406393571427764,346,80.0,2582.2346730644913
0,1,109939,0.0017091763730433256,346,80.0,2582.234466680994
0,1,110145,0.0016355066215724306,346,100.0,2582.2341932801196
0,1,110350,0.0016393661184901686,346,100.0,2582.233938920328
0,1,110554,0.001642637521152268,346,100.0,2582.233927289443
0,1,110766,0.0016428588066419428,346,100.0,2582.234052211707
0,1,110968,0.0017240710902352273,363,100.0,2582.2340857158406
0,1,111177,0.0016423289367514635,346,100.0,2582.2340552110145
0,1,111379,0.0016385960928308346,346,100.0,2582.2339573111253
0,1,111585,0.0016412665093139323,346,100.0,2582.2340187897075
0,1,111794,0.001688594980393982,346,100.0,2582.23412204928
0,1,112001,0.00164198888466482,346,200.0,2582.2342570078936
0,1,112204,0.0016402629250616555,346,200.0,2582.2343845283394
0,1,112414,0.0016343149506629698,346,200.0,2582.234502699929
0,1,112626,0.001637002811003975,346,200.0,2582.2345628931525
0,1,112829,0.0017940047367788492,363,200.0,2582.2345557085923
0,1,113035,0.0017106874424165067,363,100.0,2582.2345661897143
0,1,113236,0.0017561737012088217,363,100.0,2582.2345543212978
0,1,113440,0.0017187558300990932,363,100.0,2582.2345214095863
0,1,113647,0.0017207527435392617,363,100.0,2582.234472377265
0,1,113848,0.001778476455691471,363,100.0,2582.2344283784146
0,1,114061,0.0016444169292672453,346,100.0,2582.23430684502
0,1,114262,0.0017226509954957453,363,100.0,2582.2342168420237
0,1,114463,0.0017648477070218002,363,100.0,2582.2341986283086
0,1,114678,0.0017648477070218002,363,100.0,2582.2342816334444
0,1,114881,0.0016358237106255389,346,100.0,2582.234469060862
0,1,115084,0.0016478020860536888,346,200.0,2582.234607615657
0,1,115287,0.0016817792570050516,346,200.0,2582.234607615657
0,1,115494,0.0016441598310555517,346,200.0,2582.234809426227
0,1,115703,0.0016431731717065582,346,200.0,2582.234735811208
0,1,115909,0.0016401757954613524,346,200.0,2582.234710236822
0,1,116114,0.001692642290712932,346,80.0,2582.2344849834885
0,1,116321,0.0017084540214729704,346,80.0,2582.234331127078
0,1,116525,0.0016422007038508109,346,80.0,2582.234212811992
0,1,116730,0.0016393179706844512,346,80.0,2582.2341693975436
0,1,116730,0.00164137788821618,346,80.0,2582.2342345402103
0,1,116940,0.0017304217615944318,363,100.0,2582.234227833924
0,1,117145,0.0017209219560108916,363,100.0,2582.2341881842353
0,1,117349,0.001721608872344708,363,100.0,2582.234077111377
0,1,117557,0.0017223119235750927,363,100.0,2582.233829907605
0,1,117758,0.0017735251829400405,363,100.0,2582.2335421652106
0,1,117969,0.0017227367589702045,363,100.0,2582.2332115303466
0,1,118173,0.0017155526069084878,363,100.0,2582.2328723919554
0,1,118383,0.0016379081245922805,346,100.0,2582.232646778059
0,1,118584,0.001721628339718394,363,100.0,2582.2327891951254
0,1,118790,0.0016394142691242323,346,100.0,2582.2327128600537
0,1,118998,0.0017667153855883183,363,200.0,2582.2327333928706
0,1,119199,0.001642291765733692,346,200.0,2582.2325611642054
0,1,119409,0.0016429053027687244,346,200.0,2582.23264692219
0,1,119612,0.0016426096322539022,346,200.0,2582.2326064601343
0,1,119819,0.0016426096322539022,346,200.0,2582.232571520036
0,1,120022,0.0016396439495281825,346,100.0,2582.232571520036
0,1,120228,0.0016419052868694344,346,100.0,2582.232360762212
0,1,120440,0.0016437557159911832,346,100.0,2582.2320668226002
0,1,120643,0.0016426189284481343,346,100.0,2582.2323765195442
0,1,120851,0.0016407061316088478,346,100.0,2582.232777265843
0,1,121055,0.0016600578171685326,346,100.0,2582.233088147692
0,1,121260,0.0016366003604237575,346,100.0,2582.233415760414
0,1,121466,0.0016419795956005064,346,100.0,2582.233673130052
0,1,121668,0.0016420836391245264,346,100.0,2582.233703427641
0,1,121874,0.0016414614323136993,346,100.0,2582.2336284460666
0,1,122084,0.0016420130367239148,346,200.0,2582.2335441862747
0,1,122292,0.0016354126246086787,346,200.0,2582.233345627448
0,1,122494,0.0017219574049380955,363,200.0,2582.2332942725156
0,1,122705,0.0016412627969441822,346,200.0,2582.2332630466385
0,1,122908,0.0016420539110579562,346,200.0,2582.2332353247407
0,1,123118,0.0016434690451491913,346,80.0,2582.2331482063355
0,1,123322,0.001722662690012163,363,80.0,2582.2332202581597
0,1,123532,0.0016329210425640127,346,80.0,2582.2331168918563
0,1,123733,0.001776295737330818,363,80.0,2582.233016354708
0,1,123935,0.001643982889871674,346,80.0,2582.232748172014
0,1,124137,0.0016384055491517424,346,100.0,2582.2324597328075
0,1,124347,0.0016384055491517424,346,100.0,2582.231946205237
0,1,124554,0.0016346591964063453,346,100.0,2582.2317465571973
0,1,124761,0.0016430596887850298,346,100.0,2582.231564808665
0,1,124963,0.0016392568640806419,346,100.0,2582.231564808665
0,1,125165,0.001681718841547076,346,100.0,2582.231290896849
0,1,125373,0.0016339377355240328,346,100.0,2582.2308558268546
0,1,125574,0.0016866756050617846,346,100.0,2582.2304671853653
0,1,125781,0.0016422508795574883,346,100.0,2582.230320896939
0,1,125982,0.0016747554435381498,346,100.0,2582.23015194039
0,1,125982,0.0016398625761325242,346,200.0,2582.229841342318
0,1,126192,0.0016420056052454414,346,200.0,2582.2295351248767
0,1,126399,0.0016383408113868718,346,200.0,2582.229412104505
0,1,126607,0.0016410549310379532,346,200.0,2582.229484988303
0,1,126811,0.001694266652501363,346,200.0,2582.2295986058016
0,1,127012,0.0016603825988263602,346,100.0,2582.2296893257444
0,1,127218,0.0016715243991352292,346,100.0,2582.2297943694543
0,1,127421,0.0016420223261666021,346,100.0,2582.229946406255
0,1,127631,0.0017176331484308105,363,100.0,2582.23002828701
0,1,127839,0.0016380171992862035,346,100.0,2582.230131321986
0,1,128043,0.0016412813589608746,346,100.0,2582.2299565110493
0,1,128253,0.0017225710872162485,363,100.0,2582.2299604267655
0,1,128457,0.0016375181627487907,346,100.0,2582.2298024982374
0,1,128666,0.0016418662774779667,346,100.0,2582.229746211849
0,1,128867,0.0016401276000845362,346,100.0,2582.2297054553264
0,1,129072,0.0016409788504333036,346,200.0,2582.2293994719676
0,1,129280,0.0016409788504333036,346,200.0,2582.2290757448495
0,1,129482,0.0016406041172547113,346,200.0,2582.2290757448495
0,1,129689,0.0016329669778678462,346,200.0,2582.2289689786476
0,1,129898,0.0016415654101794917,346,200.0,2582.2287212602328
0,1,130105,0.001639312415350397,346,80.0,2582.2284737979003
0,1,130307,0.0016416099761546014,346,80.0,2582.2281372244793
0,1,130508,0.0017177203509151954,363,80.0,2582.2280420441843
0,1,130716,0.0016415486985626557,346,80.0,2582.2280317474756
0,1,130924,0.0016416824010253522,346,80.0,2582.2280619159865
0,1,131128,0.0016420223261666021,346,100.0,2582.2279876536622
0,1,131329,0.0016436495988927785,346,100.0,2582.227707245175
0,1,131543,0.0016367258742299806,346,100.0,2582.2276571579378
0,1,131745,0.0016418829955616198,346,100.0,2582.2274562559924
0,1,131952,0.0016404965522230815,346,100.0,2582.2271927176826
0,1,132160,0.0016413259095140022,346,100.0,2582.226867202249
0,1,132367,0.0016373962222851553,346,100.0,2582.226353439253
0,1,132571,0.0016269166603139868,346,100.0,2582.22644847034
0,1,132783,0.0016356227503877088,346,100.0,2582.226459919282
0,1,132989,0.0016330257788280305,346,100.0,2582.226257910434
0,1,133190,0.0017022617198221763,346,200.0,2582.2259438838146
0,1,133395,0.0016381688187518696,346,200.0,2582.225638580327
0,1,133602,0.0016381688187518696,346,200.0,2582.225856340967
0,1,133807,0.0016381299867028781,346,200.0,2582.225856340967
0,1,134009,0.0017203697072213314,363,200.0,2582.225835229061
0,1,134211,0.0016419071445057407,346,100.0,2582.22573772546
0,1,134422,0.001641394596355345,346,100.0,2582.2255515735724
0,1,134422,0.0016384147978215121,346,100.0,2582.2254557658466
0,1,134630,0.0017221989292618286,363,100.0,2582.2255889887483
0,1,134833,0.00164170468688665,346,100.0,2582.2256956330507
0,1,135039,0.0016354310545343082,346,100.0,2582.2257861859757
0,1,135249,0.001675939098300074,346,100.0,2582.225862787124
0,1,135446,0.0016363180247314483,346,100.0,2582.225922700195
0,1,135652,0.0016421170844860848,346,100.0,2582.225937316121
0,1,135858,0.001721182647230057,363,100.0,2582.225910040386
0,1,136064,0.0016413444729582853,346,200.0,2582.22580417647
0,1,136272,0.0017775171933920963,363,200.0,2582.225655929083
0,1,136479,0.001637952492206564,346,200.0,2582.2255314533654
0,1,136680,0.0017216692226362182,363,200.0,2582.2253968313207
0,1,136887,0.0016430187643642375,346,200.0,2582.2252629381487
0,1,137093,0.0017224327269971028,363,100.0,2582.225097389679
0,1,137297,0.0017228420258154895,363,100.0,2582.2250922121943
0,1,137502,0.001632158893861195,346,100.0,2582.2250663737645
0,1,137714,0.0016428997230945486,346,100.0,2582.2249625336385
0,1,137916,0.0016357370519904147,346,100.0,2582.2248500017968
0,1,138122,0.0016357370519904147,346,80.0,2582.2246146459547
0,1,138333,0.001673106533884568,346,80.0,2582.2247490617824
0,1,138542,0.00171535352656798,363,80.0,2582.2247490617824
0,1,138742,0.0016446181926562564,346,80.0,2582.2255497565893
0,1,138951,0.001642592899369439,346,80.0,2582.2261552419304
0,1,139158,0.001641933151855397,346,100.0,2582.226727902246
0,1,139362,0.0016416396881490296,346,100.0,2582.2272521820505
0,1,139571,0.0017009449055896107,346,100.0,2582.227529173855
0,1,139774,0.0016378730019355676,346,100.0,2582.2274831383143
0,1,139986,0.0016410623539136718,346,100.0,2582.227435151531
0,1,140186,0.0017215037561339635,363,100.0,2582.2274016271836
0,1,140393,0.001721731524149528,363,100.0,2582.227300399726
0,1,140604,0.0016389773131793171,346,100.0,2582.227447112914
0,1,140811,0.0017217607295360788,363,100.0,2582.2273015342603
0,1,141010,0.001640390855502241,346,100.0,2582.2274857914313
0,1,141220,0.00164245161304926,346,200.0,2582.227227478253
0,1,141416,0.0016580644315085317,346,200.0,2582.2273805218865
0,1,141622,0.0016361981076766273,346,200.0,2582.227117259838
0,1,141832,0.001641134730471206,346,200.0,2582.2270524103337
0,1,142041,0.0016406467762594863,346,200.0,2582.2269866648408
0,1,142245,0.001640518805899961,346,100.0,2582.2267602892875
0,1,142446,0.0016336728689902208,346,100.0,2582.226615593348
0,1,142655,0.0017163010209660457,363,100.0,2582.226596817299
0,1,142863,0.0017163010209660457,363,100.0,2582.226576264865
0,1,143065,0.00171803629182864,363,100.0,2582.226576264865
0,1,143267,0.0017240144757522092,363,100.0,2582.2265335056777
0,1,143478,0.0017242741520658573,363,100.0,2582.22639626867
0,1,143678,0.0017877840895880962,363,100.0,2582.2264160997815
0,1,143678,0.0016366520402478386,346,100.0,2582.2265022269103
0,1,143890,0.001643184334807927,346,100.0,2582.226282994404
0,1,144095,0.0016424014250759958,346,180.0,2582.2264454975348
0,1,144299,0.001642052053089535,346,180.0,2582.225856411438
0,1,144507,0.0016407914624480902,346,180.0,2582.2263555186864
0,1,144710,0.001643251316601464,346,180.0,2582.227109691039
0,1,144911,0.0016422991998026385,346,180.0,2582.227502949195
0,1,145120,0.001642068774956692,346,100.0,2582.227894858642
0,1,145331,0.0016423512401697996,346,100.0,2582.228233102348
0,1,145532,0.0017198411250741294,363,100.0,2582.2280561676653
0,1,145735,0.0017509428462998103,363,100.0,2582.227678552306
0,1,145943,0.001652150512074391,346,100.0,2582.2271420893994
0,1,146148,0.0017236846239277437,363,100.0,2582.2265658725846
0,1,146358,0.0016695533344377566,346,100.0,2582.2259192567635
0,1,146560,0.0017239637211008676,363,100.0,2582.2254042182717
0,1,146766,0.0016358126473097893,346,100.0,2582.2245917386686
0,1,146972,0.0016425352664878384,346,100.0,2582.2234385396578
0,1,147178,0.0016432922526080738,346,200.0,2582.2222711884065
0,1,147384,0.0016432922526080738,346,200.0,2582.2215509831085
0,1,147590,0.001651578919575915,346,200.0,2582.2211649149876
0,1,147800,0.0016375735962365452,346,200.0,2582.2211649149876
0,1,148001,0.001678983263724186,346,100.0,2582.22038812169
0,1,148204,0.0016441393411792428,346,100.0,2582.2195619031986
0,1,148410,0.0016433629650599885,346,100.0,2582.2185827383096
0,1,148615,0.0016423828377161017,346,100.0,2582.2185654562027
0,1,148824,0.0016365339197311592,346,100.0,2582.2184755205208
0,1,149030,0.0016689446874184203,346,100.0,2582.218092232015
0,1,149236,0.0016441225771148449,346,100.0,2582.2172289923624
0,1,149443,0.0016426598329528231,346,100.0,2582.217052618011
0,1,149649,0.0016537658929039463,346,100.0,2582.224089804177
0,1,149858,0.0016416434022239568,346,100.0,2582.2311245084493
0,1,150059,0.0016759874857806085,346,200.0,2582.239225985202
0,1,150263,0.0016416415451843925,346,200.0,2582.245392688021
0,1,150471,0.001642568730249278,346,200.0,2582.249580994385
0,1,150675,0.0016432327099999433,346,200.0,2582.250061550764
0,1,150881,0.001643478351073528,346,200.0,2582.250392304343
0,1,151091,0.0016336213771358393,346,100.0,2582.2505955735232
0,1,151292,0.0016709970442646412,346,100.0,2582.2505932078943
0,1,151498,0.0016431527064146433,346,100.0,2582.250931993121
0,1,151707,0.0016430801517599465,346,100.0,2582.2511553303543
0,1,151909,0.0016432959741643559,346,100.0,2582.2512820950105
0,1,152111,0.001697947789623445,346,80.0,2582.2510949264793
0,1,152317,0.0016696589808520015,346,80.0,2582.250708289294
0,1,152317,0.0016728288174472352,346,80.0,2582.250937363581
0,1,152529,0.0016728288174472352,346,80.0,2582.2511370218576
0,1,152937,0.0016381688187518696,346,80.0,2582.2511436322166
0,1,153144,0.0016310344182700954,346,100.0,2582.2511436322166
0,1,153144,0.0016427453671369239,346,100.0,2582.251024368529
0,1,153351,0.0016409547287877058,346,100.0,2582.2507187407577
0,1,153555,0.0016435863074980323,346,100.0,2582.250676186008
0,1,153764,0.001635748114283653,346,100.0,2582.250513203071
0,1,153966,0.001643024344847028,346,100.0,2582.250126977221
0,1,154170,0.0016395013178333983,346,100.0,2582.249656838527
0,1,154383,0.0016430448069415888,346,100.0,2582.2490856388476
0,1,154589,0.0016430987549067226,346,100.0,2582.2489459700337
0,1,154794,0.001643454155889454,346,100.0,2582.2487828249723
0,1,154995,0.0016426523956186252,346,200.0,2582.2483867315987
0,1,155205,0.0016377547051209275,346,200.0,2582.2479762522707
0,1,155411,0.001641648973367858,346,200.0,2582.247697205879
0,1,155612,0.001719070211093949,363,200.0,2582.2477328646564
0,1,155824,0.00164198888466482,346,200.0,2582.2476464160104
0,1,156027,0.0017182961094539828,363,100.0,2582.2475093398325
0,1,156233,0.0016417826921662792,346,100.0,2582.247192351632
0,1,156439,0.0016425315483762897,346,100.0,2582.247116851717
0,1,156641,0.0016421598222085428,346,100.0,2582.2469514504737
0,1,156846,0.0016422192870883783,346,100.0,2582.246627672398
0,1,157053,0.0016422192870883783,346,100.0,2582.246136542352
0,1,157256,0.0016345137486963122,346,100.0,2582.246136542352
0,1,157463,0.001640316690497047,346,100.0,2582.2455429000393
0,1,157671,0.0016420966454921324,346,100.0,2582.2454837550313
0,1,157880,0.0016433071389343405,346,100.0,2582.2452502322776
0,1,158081,0.0016418384147617673,346,200.0,2582.2448436800523
0,1,158290,0.001642143098487,346,200.0,2582.2442743730226
0,1,158499,0.0016433424950401767,346,200.0,2582.24401659008
0,1,158704,0.0017234934067165573,363,200.0,2582.244087789943
0,1,158905,0.0016429945827101846,346,200.0,2582.24413066832
0,1,159117,0.0016433108605580487,346,80.0,2582.2439198484026
0,1,159318,0.0016694784296266642,346,80.0,2582.2437049613136
0,1,159526,0.0016426412397436028,346,80.0,2582.2437279789515
0,1,159733,0.001721772411968128,363,80.0,2582.243983406152
0,1,159953,0.0016432922526080738,346,80.0,2582.244215320696
0,1,159953,0.0017196682404073355,363,100.0,2582.2443482045555
0,1,160175,0.00172335684896697,363,100.0,2582.244477954195
0,1,160399,0.0017234738971416412,363,100.0,2582.244566047642
0,1,160617,0.0016433480777222785,346,100.0,2582.2447765900442
0,1,160839,0.0017237217015630343,363,100.0,2582.24485147226
0,1,161066,0.00163662066282255,346,100.0,2582.2449621651895
0,1,161287,0.0016423047753985156,346,100.0,2582.244970905241
0,1,161507,0.0016423047753985156,346,100.0,2582.244830611978
0,1,161727,0.0016364582577347371,346,100.0,2582.244830611978
0,1,161944,0.0016436626300791461,346,100.0,2582.244626997774
0,1,162155,0.0016877426941935003,346,180.0,2582.244404635962
0,1,162360,0.0016380800624877954,346,180.0,2582.2441129285726
0,1,162580,0.0016421765462707205,346,180.0,2582.2438511946043
0,1,162788,0.0016418904259303047,346,180.0,2582.2437785691063
0,1,162788,0.0017230135993526812,363,180.0,2582.243640572256
0,1,162998,0.00164245161304926,346,100.0,2582.2433070927846
0,1,163221,0.0016371690180567806,346,100.0,2582.2427958808007
0,1,163444,0.0016422378707465289,346,100.0,2582.242332916651
0,1,163659,0.0016430634092880127,346,100.0,2582.242019028466
0,1,163881,0.001642568730249278,346,100.0,2582.2417087652198
0,1,164111,0.0016305231388736897,346,80.0,2582.241360430582
0,1,164325,0.0016431341020461772,346,80.0,2582.240967548784
0,1,164542,0.001721793830171972,363,80.0,2582.2410939597594
0,1,164767,0.001721680903826517,363,80.0,2582.241233289974
0,1,164979,0.0017534089715049745,363,80.0,2582.2413236540283
0,1,164979,0.0017191595007373316,363,100.0,2582.24137408087
0,1,165204,0.0016432308493629663,346,100.0,2582.2413497547404
0,1,165422,0.0016424609074549837,346,100.0,2582.2415450518447
0,1,165640,0.0016708623719274977,346,100.0,2582.2415583065053
0,1,165851,0.0016433536604423104,346,100.0,2582.241610726244
0,1,166078,0.0016433536604423104,346,100.0,2582.2415013461996
0,1,166295,0.0016431657297232424,346,100.0,2582.2413967241964
0,1,166514,0.001639077274072334,346,100.0,2582.2413967241964
0,1,166733,0.0017646717919296232,363,100.0,2582.241767103094
0,1,166943,0.0016417474031454125,346,100.0,2582.241847343712
0,1,167172,0.0017887208444697686,363,180.0,2582.242025894594
0,1,167391,0.0017042847996166844,346,180.0,2582.2419675470237
0,1,167619,0.0017031427280483611,346,180.0,2582.24191217963
0,1,167619,0.0016377713395779258,346,180.0,2582.2417523852873
0,1,167837,0.0016404576097412645,346,180.0,2582.2415344828983
0,1,168058,0.0016727979657562826,346,100.0,2582.2413272350996
0,1,168268,0.0016422118537428824,346,100.0,2582.2410955827268
0,1,168486,0.0016407228260746677,346,100.0,2582.240975114887
0,1,168697,0.0017175440172641939,363,100.0,2582.241006067068
0,1,168919,0.0016668552454002176,346,100.0,2582.240802790793
0,1,169135,0.001643115498098997,346,80.0,2582.24050768371
0,1,169349,0.0016420817810888304,346,80.0,2582.2402178832544
0,1,169564,0.0016741970764436948,346,80.0,2582.2400631740265
0,1,169793,0.0017021459180753189,346,80.0,2582.239962194022
0,1,170012,0.0017026351879466364,346,80.0,2582.2397640683607
0,1,170012,0.0017025632776030382,346,100.0,2582.2394425680113
0,1,170230,0.0016986930954524119,346,100.0,2582.239123573238
0,1,170454,0.0017006419278554202,346,100.0,2582.239025158565
0,1,170671,0.0017040286504016926,346,100.0,2582.2389146642554
0,1,170891,0.0017078890412264732,346,100.0,2582.2387507591407
0,1,171118,0.0017074489775748877,346,80.0,2582.2383703316295
0,1,171326,0.0016993873148065746,346,80.0,2582.238006851988
0,1,171539,0.0017479998622295394,363,80.0,2582.2379982542025
0,1,171751,0.0016416359740909082,346,80.0,2582.237892769103
0,1,171971,0.0016421152263747009,346,80.0,2582.237706955397
0,1,172202,0.0016928338112024337,346,100.0,2582.237522127719
0,1,172420,0.0016333033030058839,346,100.0,2582.2373503550975
0,1,172420,0.001643210382634315,346,100.0,2582.2373491666062
0,1,172636,0.001643210382634315,346,100.0,2582.2372989058135
0,1,172854,0.0017164887103102127,363,100.0,2582.237079078607
0,1,173073,0.0016412999213974292,346,100.0,2582.237079078607
0,1,173301,0.0016374276294559545,346,100.0,2582.2367760422853
0,1,173520,0.0016415134196000362,346,100.0,2582.236635188358
0,1,173743,0.0016386923064762727,346,100.0,2582.2366464093566
0,1,173956,0.0016413556112264114,346,100.0,2582.2365641379592
0,1,174180,0.0016383500593257748,346,180.0,2582.2363988835423
0,1,174390,0.001640149843752649,346,180.0,2582.2360882072844
0,1,174603,0.0016408972108022054,346,180.0,2582.23611741587
0,1,174814,0.0016413537548378924,346,180.0,2582.2360450494125
0,1,175038,0.001640991839305442,346,180.0,2582.235836782012
0,1,175256,0.001637459037831629,346,100.0,2582.2355563050205
0,1,175256,0.0016414298702106603,346,100.0,2582.235133408564
0,1,175473,0.0016405002611273012,346,100.0,2582.234751430742
0,1,175693,0.0016396143097308338,346,100.0,2582.234355232983
0,1,175916,0.0016417604041871288,346,100.0,2582.233753502108
0,1,176138,0.0016954760766500533,346,80.0,2582.232888997654
0,1,176360,0.0016887993427407062,346,80.0,2582.2325688439228
0,1,176573,0.0016833672049265803,346,80.0,2582.2329902224023
0,1,176797,0.0017001617698571786,346,80.0,2582.23334697651
0,1,177012,0.0016917602766075013,346,80.0,2582.2336589474717
0,1,177236,0.001689855347471847,346,100.0,2582.233788536494
0,1,177447,0.0017773698660200953,363,100.0,2582.23387258074
0,1,177663,0.0017672875376665105,363,100.0,2582.2339779295335
0,1,177663,0.0016915354805020423,346,100.0,2582.2338793577073
0,1,177885,0.0016858898826568958,346,100.0,2582.2336494075694
0,1,178103,0.0016863600524769076,346,80.0,2582.2333683092043
0,1,178314,0.0016891177749533267,346,80.0,2582.2338843953044
0,1,178536,0.0016965543337721153,346,80.0,2582.235067041055
0,1,178755,0.0016965543337721153,346,80.0,2582.2359275714807
0,1,178970,0.0016906979510951685,346,80.0,2582.2359275714807
0,1,179182,0.0016923738401023428,346,100.0,2582.237073785409
0,1,179407,0.0016925593777590135,346,100.0,2582.2379257154657
0,1,179629,0.001691137304256425,346,100.0,2582.238422029741
0,1,179855,0.0016933533065348915,346,100.0,2582.238410748957
0,1,180074,0.001695478057482934,346,100.0,2582.238410556114
0,1,180074,0.0016894854972833964,346,100.0,2582.2383769634866
0,1,180298,0.0016994689079094212,346,100.0,2582.2383063703646
0,1,180520,0.001778777736367959,363,100.0,2582.23843327421
0,1,180736,0.0016885772975161703,346,100.0,2582.2386771798456
0,1,180955,0.0016836523383525553,346,100.0,2582.2388160829237
0,1,181164,0.001642089213256843,346,180.0,2582.2389433442745
0,1,181376,0.0017595793648775774,363,180.0,2582.2390416650037
0,1,181595,0.0016380837604734453,346,180.0,2582.2389078634747
0,1,181817,0.0016403018583007528,346,180.0,2582.2387799105245
0,1,182035,0.0016332885973718448,346,180.0,2582.2385735329763
0,1,182263,0.001781979684107654,363,100.0,2582.2385436462578
0,1,182465,0.0017174897680394636,363,100.0,2582.2384487338177
0,1,182675,0.0016361298550489354,346,100.0,2582.2385443626154
0,1,182880,0.0017177862431092567,363,100.0,2582.2386155390886
0,1,183081,0.0016309171072032222,346,100.0,2582.238720519455
0,1,183081,0.0016380930055106182,346,100.0,2582.2389596674675
0,1,183293,0.001639579113863271,346,100.0,2582.2390484982384
0,1,183499,0.0016404019808314654,346,100.0,2582.2390524776984
0,1,183700,0.001711275805715596,363,100.0,2582.239133282977
0,1,183901,0.0016420371894935268,346,100.0,2582.2389527072382
0,1,184107,0.0016407450858909162,346,180.0,2582.2389073267827
0,1,184319,0.0016407450858909162,346,180.0,2582.2388796987366
0,1,184523,0.00163221763663868,346,180.0,2582.2388796987366
0,1,184731,0.0017153399985128403,363,180.0,2582.239211883168
0,1,184939,0.001698808427849503,346,100.0,2582.2393629503117
0,1,185142,0.0016411217393369378,346,100.0,2582.239442014603
0,1,185349,0.0017051438615702942,346,100.0,2582.2394092527416
0,1,185555,0.0017078186961904356,346,100.0,2582.239298792486
0,1,185759,0.00170704327512345,346,100.0,2582.2391511646283
0,1,185967,0.0017020680602420517,346,100.0,2582.2387609417415
0,1,186169,0.0017080558826229524,346,100.0,2582.2384783965244
0,1,186378,0.001671722724466193,346,100.0,2582.23806947592
0,1,186585,0.0016395328058132653,346,100.0,2582.238121728613
0,1,186788,0.0017199732401573869,363,100.0,2582.2382536096375
0,1,186993,0.001644854926531593,346,200.0,2582.238435069791
0,1,187202,0.00164455482664642,346,200.0,2582.23864533893
0,1,187403,0.0016442119894089135,346,200.0,2582.238786400153
0,1,187609,0.0017120897981857295,363,200.0,2582.2388196241286
0,1,187820,0.0016383648562451809,346,200.0,2582.2387350863282
0,1,188031,0.001637732526370552,346,100.0,2582.2385895454963
0,1,188241,0.0016460806939896351,346,100.0,2582.2384727047847
0,1,188452,0.0016420037473863338,346,100.0,2582.2384076602943
0,1,188664,0.0016368107915454197,346,100.0,2582.238492180441
0,1,188872,0.001740761130344509,363,100.0,2582.238529580824
0,1,189079,0.0017570857254965322,363,100.0,2582.238547708258
0,1,189285,0.0016306532189921436,346,100.0,2582.238502602241
0,1,189497,0.0017535543728512937,363,100.0,2582.2384799485158
0,1,189710,0.0017535543728512937,346,100.0,2582.2384497697717
0,1,189911,0.0016432810880403657,346,100.0,2582.2384802205347
0,1,190111,0.0016432810880403657,346,180.0,2582.2384856989233
0,1,190312,0.0017125654664153082,363,180.0,2582.2384856989233
0,1,190514,0.0016421784045208788,346,180.0,2582.2385270379386
0,1,190715,0.0017186355418694745,363,180.0,2582.2385441482456
0,1,190916,0.0016331360420429543,346,180.0,2582.238619427318
0,1,191117,0.0016394364934478084,346,100.0,2582.238712769879
0,1,191318,0.001639169841327213,346,100.0,2582.2388354428635
0,1,191523,0.0016388699613554283,346,100.0,2582.2389577169474
0,1,191724,0.0017166590206964358,363,100.0,2582.238972621504
0,1,191934,0.001642092929366078,346,100.0,2582.2390036502284
0,1,192136,0.0017191129136792187,363,100.0,2582.2389667786374
0,1,192339,0.001718899421965318,363,100.0,2582.2389306531995
0,1,192339,0.0017255697965400936,363,100.0,2582.2389020041683
0,1,192550,0.0016358347740909362,346,100.0,2582.2389216081706
0,1,192752,0.001714785531910101,363,100.0,2582.2390168293477
0,1,192954,0.0016422341539812514,346,200.0,2582.239173978434
0,1,193168,0.00170067182217368,346,200.0,2582.239351970142
0,1,193369,0.0017184221686986317,363,200.0,2582.239395222347
0,1,193579,0.0016330349668605894,346,200.0,2582.2394153973446
0,1,193781,0.001719901351491792,363,200.0,2582.239472664912
0,1,193986,0.001718020782814064,363,100.0,2582.239540756711
0,1,194191,0.001718020782814064,346,100.0,2582.2396299634997
0,1,194406,0.0016355932557929852,346,100.0,2582.2396299634997
0,1,194607,0.0017156531310426892,363,100.0,2582.2396597359952
0,1,194814,0.0016364028997306167,346,100.0,2582.239738514903
0,1,195016,0.0016360929641074668,346,100.0,2582.239811848628
0,1,195223,0.0016389365918664663,346,100.0,2582.2399283504565
0,1,195435,0.0016414224440098673,346,100.0,2582.240075480106
0,1,195636,0.0016342100489735154,346,100.0,2582.2402812672376
0,1,195847,0.0016329522782894403,346,100.0,2582.2405879633557
0,1,196049,0.0016408712362594496,346,200.0,2582.2409069647615
0,1,196254,0.0016371228460456359,346,200.0,2582.241328957597
0,1,196465,0.0016302886806632913,346,200.0,2582.241522963315
0,1,196675,0.0016309519321649124,346,200.0,2582.2413280174683
0,1,196888,0.0017063143519001045,363,200.0,2582.2413063915446
0,1,197095,0.0017113681347214321,363,100.0,2582.2412821885255
0,1,197296,0.0016837382879167058,346,100.0,2582.2414249120056
0,1,197497,0.0017209161205440804,363,100.0,2582.241455704453
0,1,197698,0.0016402239936707072,346,100.0,2582.2414825409487
0,1,197903,0.0016402425321978152,346,100.0,2582.2416100833293
0,1,198110,0.0016344990212575207,346,80.0,2582.2416513368235
0,1,198314,0.001633845758244777,346,80.0,2582.24170579095
0,1,198515,0.001633845758244777,346,80.0,2582.2416242675617
0,1,198719,0.0016363014197831537,346,80.0,2582.2415818622662
0,1,198930,0.001634070201000555,346,80.0,2582.2415818622662
0,1,199135,0.001678754082279506,346,100.0,2582.2415093152645
0,1,199342,0.0016374276294559545,346,100.0,2582.2414164517145
0,1,199544,0.0016341695642039383,346,100.0,2582.241305218298
0,1,199755,0.0016412776465239475,346,100.0,2582.241278922441
0,1,199963,0.0016393327850926737,346,100.0,2582.241230125117
0,1,200165,0.0017041166930091755,346,100.0,2582.24122721564
0,1,200367,0.0017248894870644533,363,100.0,2582.241259154909
0,1,200572,0.0016349170154351899,346,100.0,2582.2412777452028
0,1,200777,0.0016427583839893141,346,100.0,2582.241358801583
0,1,200777,0.0016410604981884466,346,100.0,2582.241317939152
0,1,200989,0.0016406597598751893,346,200.0,2582.2412020679144
0,1,201197,0.001642795576132852,346,200.0,2582.241021359251
0,1,201400,0.001635908534351472,346,200.0,2582.2408818818203
0,1,201604,0.0016421765462707205,346,200.0,2582.2407711176993
0,1,201807,0.0016427583839893141,346,200.0,2582.2406568190604
0,1,202013,0.0016420371894935268,346,100.0,2582.2405593501667
0,1,202226,0.0016408656703929881,346,100.0,2582.24049543485
0,1,202427,0.0017168119417660744,363,100.0,2582.2407951778177
0,1,202637,0.0017215095955866973,363,100.0,2582.2412104816203
0,1,202843,0.0017196585288167985,363,100.0,2582.2415639223113
0,1,203045,0.0017196585288167985,363,100.0,2582.2418412293428
0,1,203250,0.001719099326262876,363,100.0,2582.2418412293428
0,1,203456,0.0017214259005494878,363,100.0,2582.2420402448925
0,1,203657,0.0016431992191790284,346,100.0,2582.241944866661
0,1,203861,0.0016420334736365694,346,100.0,2582.241821795475
0,1,204062,0.0016421653968580864,346,200.0,2582.2416153424733
0,1,204269,0.0016320377502353203,346,200.0,2582.2413259223827
0,1,204470,0.0016969411753700583,346,200.0,2582.24111885562
0,1,204674,0.0017195497664963155,363,200.0,2582.241119456561
0,1,204886,0.001621043183757724,346,200.0,2582.2410117540917
0,1,205087,0.001632195607601614,346,100.0,2582.2408956605555
0,1,205289,0.0017072767714372216,363,100.0,2582.240831658537
0,1,205490,0.001636879100997876,346,100.0,2582.2408360179807
0,1,205691,0.0016365210013340446,346,100.0,2582.2408223255698
0,1,205892,0.0016313461077575061,346,100.0,2582.2407605329036
0,1,206097,0.0017102666072064442,363,80.0,2582.240738390027
0,1,206298,0.0016367387958617686,346,80.0,2582.240613255358
0,1,206504,0.001637228122031512,346,80.0,2582.240762403894
0,1,206712,0.0016365616026974756,346,80.0,2582.240881875688
0,1,206915,0.0016379358540695318,346,80.0,2582.240986622259
0,1,207117,0.0016379358540695318,363,100.0,2582.240987752055
0,1,207328,0.0017091511474924001,363,100.0,2582.2409863069465
0,1,207532,0.001713533024059856,363,100.0,2582.240938683742
0,1,207741,0.0016340426022550955,346,100.0,2582.2408024024217
0,1,207942,0.0016378027611408863,346,100.0,2582.240662499637
0,1,208148,0.0016273125370741034,346,100.0,2582.24042621021
0,1,208353,0.0016301952825038362,346,100.0,2582.240381543768
0,1,208563,0.001630497491722403,346,100.0,2582.240366397263
0,1,208771,0.0016376752340456265,346,100.0,2582.2402733949457
0,1,208973,0.0016303674364470569,346,200.0,2582.2400960823015
0,1,209180,0.0016349556953041034,346,200.0,2582.2398835272948
0,1,209382,0.0016373814428569655,346,200.0,2582.239812537299
0,1,209596,0.0016361888840157979,346,200.0,2582.2398154036155
0,1,209798,0.0017184221686986317,363,200.0,2582.239731454907
0,1,210004,0.0017976925698133391,363,100.0,2582.239565319161
0,1,210207,0.0017859218996878663,363,100.0,2582.239462108102
0,1,210412,0.0017859218996878663,346,100.0,2582.239498848141
0,1,210623,0.001704739253674713,346,100.0,2582.2395517102004
0,1,210830,0.0017063287438653589,363,100.0,2582.2395388356126
0,1,211031,0.0017877211143870625,363,100.0,2582.239517612697
0,1,211236,0.0017177920573690868,363,100.0,2582.2394945991896
0,1,211443,0.0017085872522460853,363,100.0,2582.239550772941
0,1,211645,0.0017161733382779116,363,100.0,2582.2396210280103
0,1,211852,0.0016320359148641384,346,100.0,2582.2396210280103
0,1,212062,0.0017172724695235233,346,200.0,2582.2398496753026
0,1,212264,0.001634826769524702,346,200.0,2582.2399257111297
0,1,212467,0.001633494500348934,346,200.0,2582.239980656047
0,1,212467,0.0017130645279974618,363,200.0,2582.240085643659
0,1,213087,0.0016751401412620783,346,200.0,2582.2401775273906
0,1,213295,0.0016751401412620783,346,80.0,2582.2403026530096
0,1,213500,0.0016225021315036576,346,80.0,2582.2402850667736
0,1,213709,0.0016268145298340485,346,80.0,2582.2402850667736
0,1,213910,0.0016301440096332925,346,80.0,2582.240211051711
0,1,214115,0.0017583052630241746,363,80.0,2582.2403386511996
0,1,214325,0.0016355453293452314,346,80.0,2582.2403485206287
0,1,214527,0.0017145789061162714,363,80.0,2582.2401463160304
0,1,214736,0.001633051505579743,346,80.0,2582.239838429693
0,1,214942,0.0017045450299980737,346,80.0,2582.239838429693
0,1,215145,0.0017099416449373808,346,180.0,2582.239335748424
0,1,215353,0.0017099416449373808,346,180.0,2582.2390468951867
0,1,215557,0.001635661463657645,346,180.0,2582.239107659062
0,1,215764,0.0016322690400377017,346,180.0,2582.239114976712
0,1,215966,0.0017144707853629533,363,180.0,2582.239114976712
0,1,216171,0.00172027057332095,363,100.0,2582.2390458365317
0,1,216382,0.0017169203580139855,363,100.0,2582.238956403728
0,1,216584,0.001716976507524088,363,100.0,2582.238858088921
0,1,216795,0.001631564361288901,346,100.0,2582.2388547816763
0,1,217001,0.0016359066902638907,346,100.0,2582.238784575313
0,1,217204,0.0017195633610339975,363,100.0,2582.238710279321
0,1,217407,0.0016363493905532942,346,100.0,2582.238485185171
0,1,217617,0.0017117798894590328,363,100.0,2582.238436022121
0,1,217819,0.0016347236435400878,346,100.0,2582.2384211762364
0,1,217819,0.0016369418768731338,346,100.0,2582.2383237380377
0,1,218031,0.0016376696898398135,346,200.0,2582.238156142929
0,1,218234,0.0016295729014842379,346,200.0,2582.237862315434
0,1,218439,0.0016334025729625088,346,200.0,2582.2377891523015
0,1,218642,0.0016363180247314483,346,200.0,2582.237806079192
0,1,218846,0.0017164751643440725,363,200.0,2582.2377370665226
0,1,219050,0.0017169126135421777,363,100.0,2582.2376288444593
0,1,219258,0.0017127234390080927,363,100.0,2582.237462255762
0,1,219464,0.0016365874409776924,346,100.0,2582.237479521275
0,1,219675,0.0016365874409776924,346,100.0,2582.237670471652
0,1,219877,0.0017132611494640898,363,100.0,2582.2376545795896
0,1,220080,0.001634246855050219,346,100.0,2582.237883724766
0,1,220293,0.001632750185919613,346,100.0,2582.238134537887
0,1,220498,0.0017189595824456463,363,100.0,2582.2386531999905
0,1,220703,0.001716494515789723,363,100.0,2582.239042016268
0,1,220904,0.0017908331896384418,363,100.0,2582.239042016268
0,1,221109,0.0016322690400377017,346,180.0,2582.2394805804533
0,1,221312,0.0016736583831161343,346,180.0,2582.239831690678
0,1,221522,0.0017150945979892422,363,180.0,2582.239867218617
0,1,221734,0.0016356448720318468,346,180.0,2582.2396685881745
0,1,221939,0.0016240109578249077,346,100.0,2582.239539164461
0,1,222151,0.0016749004093682663,346,100.0,2582.2392894687323
0,1,222364,0.0016270644074485583,346,100.0,2582.2389854432045
0,1,222576,0.0016302703664552106,346,100.0,2582.2388716017763
0,1,222788,0.001631012421159578,346,100.0,2582.2387443639786
0,1,222995,0.0016321203462112896,346,100.0,2582.2385857949052
0,1,223207,0.001667134812112217,346,100.0,2582.2383521848856
0,1,223414,0.0016364896289329878,346,100.0,2582.2380413864325
0,1,223626,0.001672021263922189,346,100.0,2582.2378622231886
0,1,223833,0.0016887325265313722,346,100.0,2582.2377578117885
0,1,224044,0.0016222318922230123,346,200.0,2582.237516939868
0,1,224256,0.001631868913364931,346,200.0,2582.2372952902624
0,1,224458,0.0016341327616085613,346,200.0,2582.2371630234416
0,1,224659,0.0016740116804722944,346,200.0,2582.237271252938
0,1,224860,0.0016399997107004664,346,200.0,2582.2373461485886
0,1,225062,0.0017163668043112866,363,100.0,2582.2373763140995
0,1,225263,0.0017153786506650683,363,100.0,2582.2373331843232
0,1,225464,0.0017153786506650683,346,100.0,2582.2373125006206
0,1,225665,0.0016369935782683093,346,100.0,2582.2372155599414
0,1,225867,0.0016388477523889972,346,100.0,2582.2372155599414
0,1,226068,0.0016818767104395482,346,100.0,2582.2371432121918
0,1,226269,0.0016398774003855534,346,100.0,2582.236984169229
0,1,226470,0.0016359620146999144,346,100.0,2582.2369569464922
0,1,226671,0.0016403222526398121,346,100.0,2582.237255968241
0,1,226873,0.0016406189549178012,346,100.0,2582.237428171137
0,1,227074,0.0016406319380931655,346,200.0,2582.237693302956
0,1,227275,0.0016696570598887686,346,200.0,2582.237902259621
0,1,227476,0.0016366778813838403,346,200.0,2582.2380487862533
0,1,227678,0.0016395642950026606,346,200.0,2582.2379810486336
0,1,227879,0.001641394596355345,346,200.0,2582.237696504143
